0.0376552 0.000766983 0.190687 0.178269 3.6523e-05 0.064317 0.151607 0.0661432 0.310482 3.6523e-05 
0.0192501 0.109785 4.57247e-05 4.57247e-05 0.00141747 4.57247e-05 4.57247e-05 0.133562 0.146822 0.58898 
4.47628e-05 4.47628e-05 4.47628e-05 4.47628e-05 4.47628e-05 4.47628e-05 0.0980752 0.165667 0.22162 0.514369 
0.000574713 0.000574713 0.443103 0.0178161 0.000574713 0.000574713 0.184483 0.138506 0.155747 0.058046 
0.023791 0.000474957 4.31779e-05 0.041494 0.000906736 0.299698 4.31779e-05 4.31779e-05 0.503497 0.130009 
0.15321 0.0659805 0.0105024 3.48918e-05 3.48918e-05 0.304292 0.0394627 0.107851 0.0345778 0.284054 
0.0025 0.0775 0.0025 0.7025 0.0025 0.0275 0.1025 0.0025 0.0775 0.0025 
0.00454545 0.00454545 0.00454545 0.231818 0.00454545 0.140909 0.00454545 0.595455 0.00454545 0.00454545 
0.103939 0.00170391 0.164274 2.7933e-05 0.000307263 0.0463966 0.110922 0.0760056 0.109525 0.386899 
5.47046e-05 5.47046e-05 5.47046e-05 5.47046e-05 0.0011488 5.47046e-05 0.027954 0.806947 0.162527 0.0011488 
0.0237379 0.000107411 0.000107411 0.378195 0.387863 0.000107411 0.0140709 0.0129968 0.179484 0.00332975 
0.0134533 0.0682948 0.320508 2.85633e-05 2.85633e-05 0.129991 0.0294487 0.0822908 0.340503 0.0154527 
0.0115937 0.0253437 3.125e-05 0.0312812 0.140656 0.189406 0.0412812 0.0240937 0.500031 0.0362813 
0.000199601 0.000199601 0.000199601 0.000199601 0.000199601 0.135928 0.221756 0.000199601 0.000199601 0.640918 
0.0372051 3.57398e-05 3.57398e-05 0.136919 3.57398e-05 3.57398e-05 0.000750536 0.282023 0.329914 0.213045 
0.0164931 0.0927444 0.100134 0.00238495 3.35909e-05 0.00406449 0.0443735 0.413537 0.318475 0.00775949 
0.0226257 0.176257 0.00027933 0.0114525 0.00027933 0.00027933 0.00027933 0.0756983 0.00027933 0.71257 
0.0161313 6.98324e-05 6.98324e-05 6.98324e-05 0.084567 6.98324e-05 6.98324e-05 6.98324e-05 0.898813 6.98324e-05 
0.000735294 0.000735294 0.103676 0.000735294 0.000735294 0.000735294 0.199265 0.0227941 0.647794 0.0227941 
0.00075188 0.00075188 0.0834586 0.233835 0.00075188 0.00827068 0.421805 0.00075188 0.248872 0.00075188 
5.49753e-05 0.0198461 0.0170973 5.49753e-05 5.49753e-05 5.49753e-05 0.131996 0.74442 0.0841671 0.00225399 
0.161212 0.0100562 0.0444097 6.2461e-05 6.2461e-05 6.2461e-05 0.104997 0.454154 0.224297 0.000687071 
0.0574074 0.15 0.705556 0.00185185 0.00185185 0.00185185 0.0203704 0.0574074 0.00185185 0.00185185 
5.09944e-05 0.000560938 0.0525752 0.0102499 0.00464049 5.09944e-05 0.149975 0.453901 0.301428 0.0265681 
0.00105263 0.00105263 0.00105263 0.00105263 0.00105263 0.00105263 0.00105263 0.243158 0.274737 0.474737 
4.61894e-05 4.61894e-05 0.0679446 0.00789838 4.61894e-05 4.61894e-05 0.0365358 0.127529 0.759861 4.61894e-05 
0.00829098 0.028939 0.264644 0.0635642 0.393933 0.00066709 0.00320839 0.186182 0.0416455 0.0089263 
0.00054672 4.97018e-05 0.00402584 0.0482604 4.97018e-05 0.00054672 4.97018e-05 0.035338 0.569632 0.341501 
5.51268e-05 5.51268e-05 5.51268e-05 5.51268e-05 5.51268e-05 0.000606395 0.0187982 0.0777839 0.199614 0.702922 
0.081014 0.126321 0.0184466 0.310787 0.00226537 0.326969 0.000107875 0.115534 0.0184466 0.000107875 
0.226217 0.0812543 0.280706 0.000376971 3.427e-05 0.00620288 0.0315627 0.226559 0.147053 3.427e-05 
0.121574 4.0783e-05 0.249633 4.0783e-05 0.000856444 0.117904 0.110155 0.0869086 0.312847 4.0783e-05 
0.0223611 0.000138889 0.000138889 0.000138889 0.000138889 0.0668056 0.000138889 0.434861 0.380694 0.0945833 
0.0868721 0.00810502 0.105137 0.000114155 0.000114155 0.0606164 0.0309361 0.166781 0.0765982 0.464726 
0.128877 0.000534759 0.128877 0.000534759 0.000534759 0.000534759 0.225134 0.000534759 0.444385 0.0700535 
0.035224 0.0028928 0.1135 0.0335224 5.67215e-05 0.00743052 0.115769 5.67215e-05 0.040329 0.65122 
0.0886029 0.000367647 0.614338 0.000367647 0.000367647 0.0591912 0.000367647 0.000367647 0.106985 0.129044 
0.0690733 0.0205819 0.0044181 0.134806 0.00549569 0.000107759 0.000107759 0.000107759 0.293211 0.472091 
0.00774648 0.000704225 0.219014 0.000704225 0.000704225 0.0640845 0.0147887 0.000704225 0.690845 0.000704225 
0.0801917 0.169649 0.000319489 0.0162939 0.000319489 0.000319489 0.000319489 0.0929712 0.0258786 0.613738 
0.000534759 0.000534759 0.000534759 0.000534759 0.000534759 0.000534759 0.000534759 0.0326203 0.460428 0.503209 
0.0859693 0.00253217 0.254089 0.227107 4.1511e-05 0.0457036 0.0486094 0.133292 0.158614 0.0440432 
0.0605007 0.000682705 0.0159623 0.217523 3.25098e-05 0.00360858 0.035143 0.041645 0.0419701 0.582932 
0.0776612 0.065076 0.00634504 5.24384e-05 5.24384e-05 0.0372837 0.537546 0.189879 0.0808076 0.00529628 
0.165426 0.000531915 0.000531915 0.000531915 0.000531915 0.128191 0.0164894 0.0218085 0.0111702 0.654787 
0.00213592 0.000194175 0.000194175 0.0215534 0.000194175 0.000194175 0.0739806 0.0933981 0.456505 0.35165 
0.000510204 0.000510204 0.245408 0.0566327 0.000510204 0.000510204 0.000510204 0.158673 0.536224 0.000510204 
0.0915152 0.000606061 0.000606061 0.000606061 0.000606061 0.000606061 0.133939 0.194545 0.309697 0.267273 
0.0216452 5.14139e-05 0.0782005 0.0118766 0.000565553 5.14139e-05 5.14139e-05 5.14139e-05 0.275116 0.612391 
0.0281642 0.0486887 3.80084e-05 0.00193843 0.000798176 3.80084e-05 0.0441277 0.55268 0.323489 3.80084e-05 
3.63108e-05 3.63108e-05 3.63108e-05 0.0261801 0.000399419 3.63108e-05 3.63108e-05 0.00439361 0.6874 0.281445 
0.0151079 0.209353 0.123022 0.00791367 0.000719424 0.000719424 0.000719424 0.32446 0.317266 0.000719424 
4.39947e-05 4.39947e-05 4.39947e-05 0.0532776 0.673603 4.39947e-05 4.39947e-05 4.39947e-05 0.252574 0.0202816 
0.00590731 0.36002 0.34827 0.00231723 3.26371e-05 3.26371e-05 0.122422 0.118505 0.0202676 0.0222258 
0.000689655 0.000689655 0.20069 0.193793 0.0144828 0.0144828 0.000689655 0.228276 0.276552 0.0696552 
0.115184 0.00021692 0.00672451 0.00021692 0.00021692 0.00021692 0.162907 0.464425 0.249675 0.00021692 
0.0674573 9.48767e-05 0.646205 9.48767e-05 0.0105313 0.00104364 0.130076 0.0997154 0.0446869 9.48767e-05 
0.00016 0.00016 0.00496 0.05296 0.00016 0.00016 0.00016 0.60816 0.32976 0.00336 
0.124658 0.00136986 0.138356 0.00136986 0.00136986 0.193151 0.00136986 0.439726 0.0972603 0.00136986 
0.00691995 0.249796 0.0679783 0.000135685 0.000135685 0.000135685 0.0544098 0.343419 0.219946 0.0571235 
0.0322898 0.352504 0.185242 0.0752236 8.94454e-05 0.0430233 8.94454e-05 0.225492 0.0841682 0.00187835 
0.122269 0.0970588 0.000420168 0.000420168 0.000420168 0.000420168 0.000420168 0.0970588 0.000420168 0.681092 
0.174667 0.068 0.228 0.241333 0.00133333 0.00133333 0.00133333 0.00133333 0.281333 0.00133333 
0.0218873 0.00179118 4.36872e-05 4.36872e-05 0.0013543 0.0148973 0.0310616 0.124115 0.427304 0.377501 
0.070755 0.104927 2.64901e-05 2.64901e-05 2.64901e-05 0.0331391 0.0384371 0.695391 0.057245 2.64901e-05 
3.06279e-05 3.06279e-05 0.105084 0.191455 3.06279e-05 0.0346401 0.0432159 0.0649617 0.560521 3.06279e-05 
0.114571 0.066 0.380286 0.000285714 0.000285714 0.0402857 0.000285714 0.000285714 0.394571 0.00314286 
0.0677798 9.02527e-05 0.0831227 9.02527e-05 0.00099278 0.00099278 0.0497292 0.260921 0.463989 0.0722924 
0.000653595 0.000653595 0.000653595 0.00718954 0.000653595 0.000653595 0.00718954 0.0529412 0.0921569 0.837255 
0.00147059 0.00147059 0.104412 0.00147059 0.0308824 0.00147059 0.00147059 0.530882 0.325 0.00147059 
0.0718195 3.55366e-05 0.0657783 0.000390903 3.55366e-05 3.55366e-05 0.0433902 0.229247 0.0927861 0.496482 
0.00149254 0.225373 0.0164179 0.00149254 0.00149254 0.00149254 0.00149254 0.10597 0.0910448 0.553731 
0.0961204 0.0156273 0.289014 0.00837563 3.62582e-05 0.0221537 0.0682016 0.238615 0.220486 0.0413706 
6.43915e-05 0.0206697 0.0193818 6.43915e-05 0.291114 6.43915e-05 0.0174501 0.00779137 0.428268 0.215132 
0.0453395 6.65779e-05 0.0919441 0.000732357 0.16518 6.65779e-05 6.65779e-05 0.448136 0.248402 6.65779e-05 
0.101079 0.000329835 0.496282 2.9985e-05 0.000629685 0.0312144 0.0315142 0.189835 0.108876 0.0402099 
0.135526 3.55619e-05 0.00465861 0.108499 3.55619e-05 3.55619e-05 0.0864509 0.394061 0.23261 0.0380868 
0.000488889 4.44444e-05 0.338711 0.152044 4.44444e-05 4.44444e-05 0.206267 0.0938222 0.208489 4.44444e-05 
6.28931e-05 6.28931e-05 6.28931e-05 6.28931e-05 6.28931e-05 6.28931e-05 6.28931e-05 0.909497 0.0459748 0.0440881 
0.0418381 0.00102853 0.0305574 0.00335103 3.31785e-05 0.0405109 0.274751 3.31785e-05 0.0833112 0.524585 
0.0250306 2.45158e-05 0.0966168 2.45158e-05 2.45158e-05 0.518534 2.45158e-05 0.00100515 0.100049 0.258666 
3.48554e-05 0.0456954 0.35312 0.000383409 3.48554e-05 0.000383409 0.118194 0.166295 0.268072 0.0477867 
0.0494718 0.125176 0.0195423 0.000176056 0.00193662 0.00193662 0.000176056 0.211444 0.00193662 0.588204 
4.85909e-05 4.85909e-05 4.85909e-05 4.85909e-05 4.85909e-05 0.00296404 0.0335763 0.694898 0.26827 4.85909e-05 
4.19287e-05 4.19287e-05 4.19287e-05 0.0306499 4.19287e-05 4.19287e-05 4.19287e-05 0.014717 0.631069 0.323312 
3.32889e-05 3.32889e-05 3.32889e-05 0.085253 0.000699068 3.32889e-05 3.32889e-05 3.32889e-05 0.713748 0.2001 
0.249684 0.0165612 0.40756 0.135759 0.0133966 0.0246484 3.51617e-05 0.139276 0.013045 3.51617e-05 
0.12226 0.0550609 0.239017 0.0328013 0.00172197 4.19992e-05 0.048341 0.133599 0.367115 4.19992e-05 
0.019083 0.0216661 0.184404 0.0897966 3.22893e-05 3.22893e-05 0.0174685 3.22893e-05 0.667452 3.22893e-05 
0.000250627 0.000250627 0.000250627 0.000250627 0.000250627 0.00275689 0.160652 0.681955 0.138095 0.0152882 
0.000238663 0.000238663 0.050358 0.0789976 0.0097852 0.000238663 0.0026253 0.265155 0.582578 0.0097852 
0.00899329 0.0389709 0.00317673 4.47427e-05 0.0058613 4.47427e-05 4.47427e-05 0.00183445 0.814362 0.126667 
4.72144e-05 0.0973088 0.116195 4.72144e-05 0.000519358 4.72144e-05 0.0897545 0.563787 0.132247 4.72144e-05 
0.0402008 4.78011e-05 0.25196 0.122897 4.78011e-05 4.78011e-05 0.101864 0.213719 0.269168 4.78011e-05 
0.0271364 0.000149925 0.151574 0.000149925 0.00764618 0.0811094 0.103598 0.0511244 0.577361 0.000149925 
0.0408746 0.00617998 0.0972533 3.61402e-05 0.0741236 0.0531623 0.017022 0.0513553 0.657427 0.00256596 
0.0932635 2.13858e-05 0.117643 2.13858e-05 2.13858e-05 0.682015 0.0045124 0.0590462 0.0295338 0.0139222 
0.0122424 0.000121212 0.338303 0.000121212 0.000121212 0.0134545 0.0473939 0.145576 0.362545 0.0801212 
0.157071 0.000505051 0.283333 0.116667 0.000505051 0.000505051 0.106566 0.000505051 0.268182 0.0661616 
0.107036 0.175559 0.00773177 3.66435e-05 0.00370099 3.66435e-05 0.0462074 0.611982 0.03155 0.0161598 
4.14422e-05 4.14422e-05 0.0116453 0.00128471 4.14422e-05 4.14422e-05 0.0903854 0.40949 0.475383 0.0116453 
0.000836653 0.245857 0.302032 3.98406e-05 3.98406e-05 0.000438247 0.0040239 0.261394 0.1849 0.000438247 
4.43459e-05 0.00758315 4.43459e-05 0.0239911 0.729978 0.0235477 0.0399557 4.43459e-05 0.174767 4.43459e-05 
0.000847458 0.000847458 0.000847458 0.000847458 0.000847458 0.000847458 0.221186 0.119492 0.000847458 0.65339 
0.0326909 7.4129e-05 0.0289844 0.0408451 7.4129e-05 0.0312083 0.0445515 0.0786509 0.219496 0.523425 
0.107912 0.151868 0.11011 0.0441758 0.00021978 0.0727473 0.0134066 0.488132 0.00021978 0.0112088 
0.0149113 0.0111906 0.276503 0.303978 2.86205e-05 0.0269319 0.0277905 0.250744 0.035518 0.0524041 
0.3564 0.0004 0.0004 0.0004 0.0004 0.0004 0.2284 0.0884 0.2124 0.1124 
0.0640848 0.000475984 0.279576 4.32713e-05 4.32713e-05 0.0225444 0.00134141 0.0385547 0.32804 0.265296 
0.0223911 0.000101317 0.0173252 0.384093 0.460081 0.000101317 0.00516717 0.00111449 0.106484 0.00314083 
0.00017762 0.021492 0.385613 0.00017762 0.0250444 0.00017762 0.174245 0.168917 0.215098 0.00905861 
0.0015745 0.0315284 0.602573 0.000422427 3.84025e-05 0.025 0.118318 3.84025e-05 0.220469 3.84025e-05 
2.58866e-05 0.0295366 2.58866e-05 2.58866e-05 0.000284753 0.592053 0.0228061 0.153534 0.168807 0.0329019 
0.0980276 0.383563 0.197902 3.13087e-05 3.13087e-05 0.00660614 0.0482467 0.182248 0.0833125 3.13087e-05 
0.000429185 0.00394069 3.90168e-05 0.133476 0.744479 0.0125244 0.0293016 0.0074522 0.0452985 0.0230589 
0.0906491 3.21337e-05 0.24232 0.264171 0.00035347 0.0032455 0.0392352 0.272526 0.0874357 3.21337e-05 
0.0543023 0.0461628 0.219806 3.87597e-05 3.87597e-05 3.87597e-05 0.177558 0.279496 0.222519 3.87597e-05 
0.236443 0.000124378 0.000124378 0.000124378 0.102114 0.0946517 0.0225124 0.322264 0.212811 0.00883085 
0.0445832 0.247418 0.332805 3.37496e-05 3.37496e-05 3.37496e-05 0.0250084 0.303105 0.0469457 3.37496e-05 
0.0163707 0.000745739 3.55114e-05 0.103374 0.00110085 0.0113991 0.0834872 0.0813565 0.0287997 0.673331 
0.0720521 7.65697e-05 0.0330015 7.65697e-05 0.333155 7.65697e-05 0.199158 0.133308 0.22902 7.65697e-05 
0.00224691 0.436074 0.106691 0.000271605 2.46914e-05 0.136074 0.0674321 0.243235 0.00792593 2.46914e-05 
4.57038e-05 4.57038e-05 0.0059872 0.086883 0.0356947 4.57038e-05 0.0375229 0.0608318 0.735878 0.0370658 
0.0869306 3.50385e-05 0.00494043 0.0760687 3.50385e-05 3.50385e-05 0.0469867 0.111808 3.50385e-05 0.673125 
0.00047619 0.00047619 0.219524 0.00047619 0.00047619 0.00047619 0.152857 0.181429 0.443333 0.00047619 
0.060766 0.276087 0.180504 0.0628364 3.45066e-05 0.0210835 3.45066e-05 0.127709 0.104589 0.166356 
0.00454545 0.00454545 0.00454545 0.0954545 0.00454545 0.05 0.00454545 0.277273 0.00454545 0.55 
0.0890455 0.126903 0.0217882 4.02739e-05 0.111196 0.00205397 0.0672976 0.100322 0.347604 0.133749 
0.071542 0.000113379 0.116893 0.0420635 0.000113379 0.028458 0.11576 0.0636054 0.000113379 0.561338 
0.0373196 0.191959 0.000206186 0.000206186 0.000206186 0.000206186 0.000206186 0.128041 0.0290722 0.612577 
0.0353497 0.0745105 0.00702797 0.0115734 3.4965e-05 0.00562937 0.000384615 0.109126 0.0255594 0.730804 
0.115407 0.0014969 0.372435 3.65097e-05 3.65097e-05 0.00478277 0.0237678 0.176378 0.261811 0.0438481 
5.20833e-05 5.20833e-05 5.20833e-05 0.0151563 0.621406 0.0104688 5.20833e-05 0.169323 0.177135 0.00630208 
0.0012987 0.0012987 0.287013 0.0012987 0.0012987 0.144156 0.209091 0.0012987 0.351948 0.0012987 
0.0858727 0.0452156 0.0493224 4.10678e-05 4.10678e-05 0.0255031 4.10678e-05 0.115441 0.061232 0.61729 
0.0931214 0.247457 5.78035e-05 5.78035e-05 5.78035e-05 0.0595954 5.78035e-05 0.0619075 5.78035e-05 0.53763 
0.00151515 0.274242 0.289394 0.00151515 0.00151515 0.00151515 0.0772727 0.00151515 0.35 0.00151515 
0.0337156 0.0421254 0.439679 0.000840979 7.64526e-05 0.116284 0.016896 0.247018 0.103287 7.64526e-05 
0.00877363 0.00392632 0.00925836 4.84731e-05 4.84731e-05 0.0218614 0.081968 0.731508 0.142559 4.84731e-05 
0.0164375 6.54879e-05 0.185396 0.0688278 0.00137525 0.0779961 0.094368 0.152652 0.279699 0.123183 
0.00292605 0.013537 0.0225402 3.21543e-05 3.21543e-05 3.21543e-05 0.0900643 0.0858842 0.103569 0.681383 
8.46024e-05 0.015313 0.136294 0.109222 8.46024e-05 8.46024e-05 8.46024e-05 0.00854484 0.730203 8.46024e-05 
0.0466667 0.0466667 0.00222222 0.00222222 0.00222222 0.00222222 0.224444 0.00222222 0.268889 0.402222 
0.005 0.005 0.005 0.055 0.005 0.005 0.005 0.005 0.755 0.155 
0.0192664 3.56125e-05 0.137856 3.56125e-05 0.0299501 0.0620014 0.0548789 0.0758903 0.55844 0.0616453 
9.9108e-05 9.9108e-05 9.9108e-05 0.00307235 9.9108e-05 9.9108e-05 0.0982161 0.731516 0.143806 0.022894 
0.0578317 0.0468878 0.354685 0.000718194 0.000376197 0.0342339 0.0687756 0.0646717 0.371785 3.41997e-05 
0.0069044 7.58725e-05 0.000834598 0.0683612 0.000834598 7.58725e-05 0.00462822 7.58725e-05 0.392337 0.525873 
0.0168478 0.000543478 0.00597826 0.419022 0.000543478 0.272283 0.000543478 0.179891 0.000543478 0.103804 
0.0620302 3.87447e-05 0.00275087 3.87447e-05 0.00430066 0.161217 0.00197598 0.108524 0.610267 0.048857 
0.0308962 0.000235849 0.129953 0.00495283 0.000235849 0.0733491 0.363443 0.00495283 0.391745 0.000235849 
0.10365 0.123175 0.0815789 0.420289 8.48896e-05 8.48896e-05 0.0280985 0.00178268 0.138455 0.102801 
0.0633568 0.092355 0.271617 0.0369947 0.00272408 0.000966608 0.0246924 0.11696 0.268102 0.122232 
0.0479922 0.00666667 0.00744639 3.89864e-05 3.89864e-05 0.0589084 3.89864e-05 0.845263 0.0335673 3.89864e-05 
0.0321606 0.0336902 0.00806883 3.82409e-05 0.00042065 3.82409e-05 3.82409e-05 3.82409e-05 0.402333 0.523174 
0.0040715 9.93049e-05 0.00903674 0.26425 9.93049e-05 9.93049e-05 9.93049e-05 9.93049e-05 0.709136 0.0130089 
0.1 0.1 0.1 0.1 0.1 0.1 0.1 0.1 0.1 0.1 
0.15313 0.00360039 0.253681 3.24359e-05 3.24359e-05 0.0807979 0.0305222 0.245572 0.204054 0.0285761 
0.0110526 0.000526316 0.000526316 0.000526316 0.000526316 0.000526316 0.0742105 0.000526316 0.400526 0.511053 
0.00116279 0.0244186 0.00116279 0.245349 0.00116279 0.00116279 0.210465 0.0360465 0.00116279 0.477907 
0.000970874 0.000970874 0.0495146 0.000970874 0.000970874 0.000970874 0.253398 0.000970874 0.690291 0.000970874 
0.02525 0.00025 0.00025 0.00275 0.00025 0.00025 0.20525 0.00025 0.18275 0.58275 
0.130639 0.0356735 0.11649 0.0215238 2.72109e-05 2.72109e-05 0.0261497 0.549959 0.119483 2.72109e-05 
0.0637953 0.0630239 0.0637953 0.000539985 2.57136e-05 2.57136e-05 0.349216 0.102109 0.343816 0.0136539 
0.17959 0.323932 0.145525 2.88684e-05 2.88684e-05 0.000317552 0.135421 0.204417 0.00637991 0.00435912 
0.123457 2.45881e-05 0.266806 2.45881e-05 2.45881e-05 0.158864 2.45881e-05 0.187386 0.0971478 0.16624 
5.84112e-05 5.84112e-05 0.0041472 5.84112e-05 0.91361 5.84112e-05 5.84112e-05 5.84112e-05 0.0678154 0.0140771 
0.00775 0.25275 0.01525 0.00025 0.00025 0.17275 0.19775 0.23025 0.08525 0.03775 
0.0929684 0.0301858 0.00356605 0.00758413 5.0226e-05 5.0226e-05 0.0618282 0.794626 0.00909091 5.0226e-05 
0.0347377 4.13052e-05 0.0863693 4.13052e-05 4.13052e-05 0.0231722 4.13052e-05 4.13052e-05 0.512226 0.343288 
0.133643 0.0340647 0.129705 0.000309423 2.81294e-05 0.301013 0.244191 0.138425 2.81294e-05 0.0185935 
0.116842 0.0642105 0.00105263 0.00105263 0.00105263 0.00105263 0.0115789 0.00105263 0.116842 0.685263 
0.211111 0.00123457 0.00123457 0.00123457 0.00123457 0.00123457 0.00123457 0.00123457 0.445679 0.334568 
0.117818 0.00139524 0.432319 0.0700137 2.28728e-05 0.109355 0.00459744 0.234469 0.0228957 0.00711345 
0.00998757 4.14422e-05 0.123125 4.14422e-05 4.14422e-05 0.0468711 0.535475 4.14422e-05 4.14422e-05 0.284335 
0.0170775 4.48229e-05 0.00407889 0.202645 0.00587181 4.48229e-05 0.0027342 0.0170775 0.437069 0.313357 
0.00104167 0.188542 0.00104167 0.021875 0.00104167 0.00104167 0.126042 0.292708 0.355208 0.0114583 
0.0495089 3.63769e-05 0.0182248 0.295417 3.63769e-05 3.63769e-05 0.0436886 0.439833 0.152819 0.000400146 
0.000116959 0.000116959 0.0550877 0.000116959 0.000116959 0.000116959 0.000116959 0.593099 0.349825 0.00128655 
0.0139811 0.00127101 0.130012 4.10004e-05 4.10004e-05 0.0295613 0.0418614 0.439565 0.301394 0.0422714 
0.0460581 0.000414938 0.0958506 0.000414938 0.000414938 0.00871369 0.116598 0.000414938 0.000414938 0.730705 
0.000148368 0.000148368 0.00311573 0.00608309 0.782047 0.038724 0.000148368 0.000148368 0.169288 0.000148368 
0.161518 0.145677 0.438306 0.0677888 2.20022e-05 0.0631683 0.0279648 0.0185039 0.0317052 0.0453465 
0.0162624 8.98473e-05 0.224708 0.0279425 8.98473e-05 0.151033 0.41788 0.00098832 0.160916 8.98473e-05 
0.00243902 0.00243902 0.173171 0.00243902 0.00243902 0.12439 0.00243902 0.00243902 0.660976 0.0268293 
4.91159e-05 0.28443 4.91159e-05 4.91159e-05 4.91159e-05 0.00938114 4.91159e-05 0.064391 0.0359037 0.605648 
0.0008 0.0008 0.0088 0.0008 0.0248 0.0008 0.0008 0.8408 0.1208 0.0008 
0.0930961 4.28816e-05 0.118825 4.28816e-05 4.28816e-05 4.28816e-05 0.0219125 0.436578 0.329374 4.28816e-05 
0.185369 0.0167163 0.299195 0.00509535 2.97974e-05 0.0268474 0.147229 0.192819 0.123093 0.00360548 
0.00560109 0.000136612 0.000136612 0.000136612 0.000136612 0.000136612 0.190027 0.235109 0.166803 0.401776 
0.173274 2.42307e-05 0.365181 2.42307e-05 2.42307e-05 0.114151 0.0528471 0.11197 0.131839 0.0506663 
0.000150602 0.000150602 0.147741 0.000150602 0.000150602 0.000150602 0.084488 0.104066 0.0483434 0.614608 
0.0780905 0.0194719 0.220865 0.0139582 2.90192e-05 2.90192e-05 0.162246 0.238857 0.231021 0.0354324 
0.140431 3.92157e-05 0.00592157 0.259647 3.92157e-05 3.92157e-05 0.250627 0.0576863 0.0451373 0.240431 
6.71592e-05 0.168637 0.323103 0.000738751 0.00208193 0.0363331 0.00409671 6.71592e-05 6.71592e-05 0.464809 
0.00490654 0.00724299 0.0703271 0.0656542 0.096028 0.217523 0.0609813 0.000233645 0.474533 0.00257009 
0.0941294 0.000733823 0.328953 0.00140093 6.67111e-05 0.00273516 0.109473 0.238893 0.223549 6.67111e-05 
3.77644e-05 3.77644e-05 3.77644e-05 0.00117069 3.77644e-05 3.77644e-05 0.0483761 0.374282 0.575944 3.77644e-05 
0.059569 5.13084e-05 0.00210364 5.13084e-05 0.133453 0.0200616 0.0549513 0.189892 0.539815 5.13084e-05 
8.53971e-05 8.53971e-05 0.0461998 0.0222886 0.411699 0.00179334 0.000939368 0.070965 0.382664 0.0632792 
0.00636842 0.000578947 0.0874211 0.0611053 5.26316e-05 0.00584211 0.00952632 0.0426842 0.582158 0.204263 
0.012069 7.49625e-05 0.00682159 7.49625e-05 7.49625e-05 0.884633 7.49625e-05 7.49625e-05 0.0465517 0.0495502 
0.0546954 0.0166244 0.229822 0.130838 0.00266497 0.000126904 0.0445431 0.139721 0.000126904 0.380838 
0.0127148 2.6434e-05 0.100476 0.000290775 0.000819455 0.0243458 0.25908 0.0933386 0.250093 0.258816 
4.68823e-05 0.00285982 4.68823e-05 0.00614158 4.68823e-05 4.68823e-05 0.0431786 0.726254 0.221331 4.68823e-05 
0.000384615 0.000384615 0.000384615 0.000384615 0.000384615 0.000384615 0.0926923 0.0811538 0.108077 0.715769 
0.00965909 0.0892045 0.000189394 0.000189394 0.000189394 0.000189394 0.000189394 0.000189394 0.17822 0.72178 
6.41026e-05 6.41026e-05 0.10391 0.166731 0.161603 6.41026e-05 6.41026e-05 0.155192 0.412244 6.41026e-05 
0.05 0.05 0.05 0.05 0.05 0.05 0.05 0.05 0.55 0.05 
0.000412603 3.75094e-05 0.159827 0.107689 3.75094e-05 0.133946 0.00603901 0.292611 0.299362 3.75094e-05 
0.0192328 0.306428 0.00108865 0.000570244 5.18403e-05 5.18403e-05 0.000570244 0.671903 5.18403e-05 5.18403e-05 
0.000133333 0.120133 0.145467 0.0148 0.000133333 0.000133333 0.000133333 0.277467 0.0534667 0.388133 
0.000197628 0.000197628 0.000197628 0.0278656 0.0160079 0.00217391 0.160277 0.0416996 0.146443 0.604941 
0.0458079 0.574009 0.157088 7.62195e-05 7.62195e-05 0.010747 0.0427591 0.10221 0.0671494 7.62195e-05 
0.113095 0.280493 0.0216335 3.37496e-05 3.37496e-05 3.37496e-05 0.0368208 0.0671954 0.0763078 0.404354 
0.0864327 3.37496e-05 0.242018 0.0918326 3.37496e-05 0.126257 0.0158961 0.0904826 0.346979 3.37496e-05 
0.000100301 0.000100301 0.000100301 0.109428 0.0662989 0.000100301 0.000100301 0.000100301 0.583852 0.239819 
0.000174216 0.000174216 0.251045 0.0925087 0.000174216 0.000174216 0.111672 0.000174216 0.266725 0.277178 
3.93701e-05 3.93701e-05 0.174055 0.00437008 0.00200787 0.0842913 0.0437402 0.00909449 0.682323 3.93701e-05 
5.73394e-05 5.73394e-05 0.0195528 5.73394e-05 5.73394e-05 5.73394e-05 0.040195 0.848108 0.0918005 5.73394e-05 
0.0309605 0.0601201 0.293396 8.57633e-05 8.57633e-05 8.57633e-05 0.19048 0.17247 0.25223 8.57633e-05 
0.0182609 0.000869565 0.122609 0.487826 0.000869565 0.000869565 0.174783 0.000869565 0.000869565 0.192174 
0.0898348 0.0147629 0.0359555 3.59195e-05 0.000395115 0.0179957 0.0320043 0.000395115 0.310022 0.498599 
0.160119 2.83849e-05 0.263724 2.83849e-05 2.83849e-05 0.0630429 0.195884 0.217173 0.0894408 0.0105308 
0.005 0.005 0.005 0.005 0.005 0.005 0.255 0.005 0.705 0.005 
0.0443595 0.135157 0.264781 3.05717e-05 3.05717e-05 3.05717e-05 0.063314 0.254693 0.198441 0.0391623 
9.84252e-05 9.84252e-05 0.00206693 0.00206693 9.84252e-05 9.84252e-05 0.803248 0.192028 9.84252e-05 9.84252e-05 
0.0432394 4.69484e-05 0.0479343 0.134789 0.176103 4.69484e-05 0.0549765 0.356385 0.186432 4.69484e-05 
0.0483311 2.7137e-05 0.553623 0.0195658 0.00192673 0.185373 0.130828 0.0483311 2.7137e-05 0.0119674 
0.0268293 0.00243902 0.00243902 0.14878 0.00243902 0.246341 0.00243902 0.00243902 0.00243902 0.563415 
0.0298565 5.51876e-05 0.0988411 5.51876e-05 5.51876e-05 5.51876e-05 0.0927704 0.431071 0.347185 5.51876e-05 
0.00155078 0.00405203 5.0025e-05 0.283692 0.21966 0.00805403 0.0210605 0.0735868 0.388244 5.0025e-05 
0.0140271 0.0819005 0.163348 0.267421 0.000452489 0.00497738 0.167873 0.154299 0.140724 0.00497738 
0.121005 0.00419411 0.276984 3.4662e-05 0.000381282 0.00592721 0.105407 0.447175 3.4662e-05 0.0388562 
0.0308546 0.000862777 0.347617 4.10846e-05 4.10846e-05 0.0423583 0.0300329 4.10846e-05 0.537839 0.0103122 
0.039243 0.0445551 0.037251 0.00139442 6.64011e-05 0.0299469 0.0744356 0.729814 0.0432271 6.64011e-05 
0.0220565 7.84929e-05 0.163344 0.0746468 7.84929e-05 0.0636578 0.0251962 7.84929e-05 0.562873 0.0879906 
0.000581395 0.000581395 0.23314 0.000581395 0.000581395 0.0122093 0.186628 0.175 0.238953 0.151744 
0.0013125 0.0181875 0.0056875 6.25e-05 6.25e-05 6.25e-05 0.0631875 0.591313 0.320063 6.25e-05 
0.049578 0.062789 0.0987523 3.66972e-05 3.66972e-05 0.0730642 3.66972e-05 0.0286606 0.157835 0.529211 
0.00906433 0.30731 0.0997076 0.000292398 0.000292398 0.000292398 0.047076 0.000292398 0.0412281 0.494444 
0.0961329 0.0036858 0.117281 6.0423e-05 0.00670695 0.0538369 0.0949245 0.100363 6.0423e-05 0.526949 
0.0731521 0.0485132 0.293203 0.00348343 8.49618e-05 0.0357689 0.199745 0.225234 0.120731 8.49618e-05 
0.18875 0.37625 0.00125 0.00125 0.00125 0.00125 0.00125 0.33875 0.08875 0.00125 
0.0536371 7.99361e-05 7.99361e-05 0.000879297 7.99361e-05 0.00247802 0.00727418 0.154357 0.235891 0.545244 
0.0621766 0.021099 0.111523 0.0309683 0.00109362 2.66738e-05 0.13873 0.0856495 2.66738e-05 0.548706 
0.0381198 3.96668e-05 0.291194 0.0698532 3.96668e-05 0.0412931 0.0726299 0.269377 0.186077 0.0313764 
0.175864 0.0131704 5.95948e-05 5.95948e-05 0.0143623 0.0316448 0.00959476 0.44702 0.236055 0.0721692 
0.00020284 0.00020284 0.00020284 0.247667 0.00020284 0.136105 0.00020284 0.568154 0.0407708 0.00628803 
0.0712687 0.000373134 0.362313 0.000373134 0.000373134 0.000373134 0.24291 0.231716 0.000373134 0.0899254 
0.00165913 0.00015083 0.00015083 0.0604827 0.00015083 0.00015083 0.138914 0.0273002 0.125339 0.645701 
0.00952997 0.0116861 0.00737387 4.3122e-05 0.000474342 0.0203105 0.0159983 0.920267 0.0142734 4.3122e-05 
8.56898e-05 0.0403599 0.0789203 0.00179949 8.56898e-05 8.56898e-05 8.56898e-05 8.56898e-05 0.878406 8.56898e-05 
0.000120627 0.0013269 0.190712 0.144873 0.000120627 0.000120627 0.229312 0.131604 0.0351025 0.266707 
0.000178891 0.000178891 0.0323792 0.0878354 0.000178891 0.000178891 0.840966 0.000178891 0.000178891 0.037746 
0.062782 0.00639098 0.000125313 0.412406 0.000125313 0.00513784 0.000125313 0.000125313 0.00513784 0.507644 
0.0569328 0.000210084 0.000210084 0.000210084 0.926681 0.000210084 0.014916 0.000210084 0.000210084 0.000210084 
0.00266344 0.000242131 0.000242131 0.000242131 0.944552 0.01477 0.0171913 0.000242131 0.000242131 0.0196126 
0.000680272 0.000680272 0.313605 0.231973 0.177551 0.0823129 0.129932 0.000680272 0.0619048 0.000680272 
0.000318471 0.000318471 0.0576433 0.213694 0.207325 0.00987261 0.108599 0.000318471 0.175478 0.226433 
0.000302115 0.000302115 0.000302115 0.000302115 0.967069 0.00332326 0.0154079 0.000302115 0.0123867 0.000302115 
0.0127907 0.00116279 0.00116279 0.605814 0.233721 0.0476744 0.00116279 0.00116279 0.094186 0.00116279 
0.000160256 0.000160256 0.000160256 0.110737 0.828686 0.000160256 0.0594551 0.000160256 0.000160256 0.000160256 
0.00492958 0.000234742 0.00492958 0.136385 0.800704 0.00258216 0.007277 0.0401408 0.00258216 0.000234742 
0.000369004 0.000369004 0.000369004 0.000369004 0.981919 0.000369004 0.000369004 0.000369004 0.0151292 0.000369004 
0.0526252 0.0819292 0.0001221 0.488523 0.252869 0.0892552 0.00989011 0.0001221 0.0245421 0.0001221 
0.0163636 0.00020202 0.00020202 0.0446465 0.893131 0.0143434 0.0163636 0.00424242 0.010303 0.00020202 
0.000207469 0.2139 0.000207469 0.00228216 0.678631 0.000207469 0.103942 0.000207469 0.000207469 0.000207469 
0.0230594 0.0847032 0.160046 0.418037 0.000228311 0.000228311 0.0938356 0.125799 0.000228311 0.0938356 
0.000191939 0.000191939 0.000191939 0.174856 0.000191939 0.000191939 0.000191939 0.823608 0.000191939 0.000191939 
0.000149477 0.663827 0.0629297 0.0973094 0.000149477 0.12272 0.0524664 0.000149477 0.000149477 0.000149477 
0.00621242 0.0102204 0.0743487 0.0442886 0.000200401 0.00220441 0.0282565 0.833868 0.000200401 0.000200401 
4.45434e-05 4.45434e-05 0.351047 0.0779955 4.45434e-05 4.45434e-05 0.00182628 0.567082 0.00182628 4.45434e-05 
0.0699789 0.215856 0.226427 0.000211416 0.00866808 0.0107822 0.000211416 0.431501 0.0128964 0.0234672 
0.000322581 0.0164516 0.164839 0.255161 0.000322581 0.0809677 0.161613 0.300323 0.000322581 0.0196774 
0.132587 0.000203666 0.0287169 0.0633401 0.00224033 0.000203666 0.132587 0.605092 0.000203666 0.0348269 
0.240444 0.000444444 0.000444444 0.200444 0.000444444 0.000444444 0.0715556 0.418222 0.0537778 0.0137778 
0.0692308 0.000265252 0.111671 0.185942 0.000265252 0.000265252 0.307958 0.265517 0.034748 0.0241379 
0.0563126 0.000200401 0.0362725 0.0883768 0.000200401 0.000200401 0.0182365 0.793788 0.000200401 0.00621242 
0.139415 0.0238162 0.000139276 0.0447075 0.000139276 0.0976323 0.105989 0.509889 0.0781337 0.000139276 
0.168865 0.000153374 0.15046 0.0400307 0.000153374 0.000153374 0.079908 0.559969 0.000153374 0.000153374 
0.0002 0.0002 0.0002 0.4362 0.0002 0.0062 0.0322 0.5142 0.0022 0.0082 
6.26959e-05 0.0558621 6.26959e-05 0.480313 6.26959e-05 6.26959e-05 6.26959e-05 0.457116 6.26959e-05 0.00633229 
0.0142857 0.00257611 0.145433 0.302342 0.000234192 0.0494145 0.000234192 0.485012 0.000234192 0.000234192 
0.0552398 0.00017762 0.0357016 0.289698 0.00550622 0.21865 0.00017762 0.394494 0.00017762 0.00017762 
0.031384 0.000194932 0.0840156 0.000194932 0.000194932 0.0508772 0.0352827 0.797466 0.000194932 0.000194932 
0.00019802 0.00019802 0.0992079 0.00019802 0.00019802 0.00019802 0.0239604 0.738812 0.136832 0.00019802 
0.1 0.1 0.1 0.1 0.1 0.1 0.1 0.1 0.1 0.1 
0.025144 0.0174664 0.0232246 0.000191939 0.000191939 0.000191939 0.000191939 0.933013 0.000191939 0.000191939 
0.0154079 0.00936556 0.169486 0.0879154 0.000302115 0.000302115 0.078852 0.583384 0.000302115 0.0546828 
0.000224215 0.00919283 0.000224215 0.000224215 0.000224215 0.00246637 0.0921525 0.894843 0.000224215 0.000224215 
0.00548303 0.000261097 0.000261097 0.000261097 0.000261097 0.000261097 0.000261097 0.992428 0.000261097 0.000261097 
0.146507 0.000218341 0.0373362 0.000218341 0.000218341 0.000218341 0.139956 0.581004 0.0941048 0.000218341 
0.283741 0.000122249 0.597922 0.0343521 0.000122249 0.0832518 0.000122249 0.000122249 0.000122249 0.000122249 
0.000127551 0.000127551 0.000127551 0.584311 0.000127551 0.000127551 0.247577 0.167219 0.000127551 0.000127551 
0.273294 0.00326409 0.196142 0.190208 0.000296736 0.294065 0.000296736 0.0418398 0.000296736 0.000296736 
5.66572e-05 5.66572e-05 0.0011898 0.00628895 5.66572e-05 5.66572e-05 0.930368 5.66572e-05 0.0606799 0.0011898 
0.0893843 0.000212314 0.331423 0.0193206 0.000212314 0.000212314 0.0957537 0.424841 0.00233546 0.0363057 
0.0764065 0.105445 0.109074 0.00381125 0.000181488 0.00199637 0.000181488 0.526497 0.176225 0.000181488 
0.188696 0.000289855 0.153913 0.0176812 0.000289855 0.0118841 0.000289855 0.429275 0.197391 0.000289855 
0.0615509 0.591438 0.000161551 0.000161551 0.000161551 0.000161551 0.000161551 0.219871 0.09063 0.0357027 
0.0154713 0.882275 0.0257172 0.000102459 0.000102459 0.0123975 0.000102459 0.00317623 0.000102459 0.0605533 
0.000121951 0.774512 0.000121951 0.0464634 0.00621951 0.0123171 0.000121951 0.000121951 0.000121951 0.159878 
0.000197628 0.136561 0.0416996 0.000197628 0.0476285 0.000197628 0.00810277 0.219565 0.43498 0.11087 
0.000396825 0.000396825 0.000396825 0.000396825 0.861508 0.000396825 0.000396825 0.000396825 0.000396825 0.135317 
0.191872 0.561735 0.0320548 0.00557078 9.13242e-05 0.010137 0.00283105 0.00100457 9.13242e-05 0.194612 
0.0161731 0.00022779 0.0116173 0.00022779 0.970615 0.00022779 0.00022779 0.00022779 0.00022779 0.00022779 
0.000224215 0.119058 0.000224215 0.000224215 0.702018 0.163901 0.00246637 0.000224215 0.00919283 0.00246637 
0.000168067 0.000168067 0.000168067 0.000168067 0.978319 0.000168067 0.000168067 0.0203361 0.000168067 0.000168067 
0.00025974 0.00025974 0.00025974 0.00025974 0.831429 0.00025974 0.0703896 0.0963636 0.00025974 0.00025974 
0.000421941 0.000421941 0.000421941 0.000421941 0.94557 0.000421941 0.000421941 0.0510549 0.000421941 0.000421941 
0.000157978 0.000157978 0.000157978 0.000157978 0.998578 0.000157978 0.000157978 0.000157978 0.000157978 0.000157978 
0.000311526 0.000311526 0.000311526 0.000311526 0.944237 0.000311526 0.000311526 0.000311526 0.0501558 0.00342679 
0.00045045 0.00045045 0.0184685 0.00045045 0.968919 0.00045045 0.00045045 0.00945946 0.00045045 0.00045045 
0.000243309 0.0391727 0.0221411 0.00754258 0.460097 0.000243309 0.000243309 0.172993 0.16326 0.134063 
0.000255102 0.104847 0.000255102 0.000255102 0.824235 0.00790816 0.00535714 0.000255102 0.000255102 0.0563776 
0.000381679 0.000381679 0.0919847 0.000381679 0.603435 0.05 0.000381679 0.0194656 0.233206 0.000381679 
0.00297297 0.0327027 0.00027027 0.00027027 0.938108 0.0191892 0.00567568 0.00027027 0.00027027 0.00027027 
0.0404523 0.000251256 0.000251256 0.000251256 0.879648 0.000251256 0.000251256 0.000251256 0.000251256 0.0781407 
0.000171527 0.000171527 0.00188679 0.000171527 0.905832 0.0910806 0.000171527 0.000171527 0.000171527 0.000171527 
0.000209205 0.0797071 0.000209205 0.0650628 0.682218 0.000209205 0.0190377 0.125732 0.0274059 0.000209205 
0.000229358 0.0690367 0.000229358 0.000229358 0.000229358 0.000229358 0.0208716 0.752523 0.156193 0.000229358 
0.0037037 0.0037037 0.0037037 0.0037037 0.0037037 0.0037037 0.0037037 0.966667 0.0037037 0.0037037 
0.00026455 0.00026455 0.00026455 0.00026455 0.00026455 0.00026455 0.00026455 0.971164 0.00026455 0.0267196 
0.00450644 0.0281116 0.000214592 0.00236052 0.000214592 0.000214592 0.073176 0.884335 0.00665236 0.000214592 
0.131207 0.0346552 0.0260345 0.000172414 0.32431 0.0208621 0.146724 0.182931 0.132931 0.000172414 
0.000392157 0.0631373 0.000392157 0.000392157 0.412157 0.0396078 0.000392157 0.192549 0.153333 0.137647 
0.000239234 0.000239234 0.000239234 0.095933 0.720335 0.0456938 0.000239234 0.000239234 0.136603 0.000239234 
0.0843444 0.0549902 0.0784736 0.000195695 0.428767 0.064775 0.000195695 0.143053 0.0980431 0.0471624 
0.0735849 0.000209644 0.000209644 0.111321 0.000209644 0.000209644 0.0463312 0.000209644 0.740252 0.0274633 
0.0383517 6.48929e-05 6.48929e-05 6.48929e-05 6.48929e-05 0.0915639 6.48929e-05 0.689228 0.180467 6.48929e-05 
0.000210084 0.00231092 0.000210084 0.000210084 0.519118 0.000210084 0.00231092 0.0947479 0.380462 0.000210084 
0.000277778 0.000277778 0.000277778 0.00305556 0.286389 0.000277778 0.000277778 0.333611 0.375278 0.000277778 
0.000223714 0.000223714 0.000223714 0.0203579 0.000223714 0.552796 0.000223714 0.000223714 0.109843 0.31566 
0.0002331 0.0025641 0.0002331 0.0118881 0.429138 0.0585082 0.0888112 0.140093 0.258974 0.00955711 
0.0142857 0.0142857 0.0142857 0.0142857 0.871429 0.0142857 0.0142857 0.0142857 0.0142857 0.0142857 
0.000166667 0.0235 0.000166667 0.00183333 0.0201667 0.281833 0.000166667 0.000166667 0.636833 0.0351667 
0.0142857 0.0142857 0.0142857 0.157143 0.0142857 0.585714 0.0142857 0.0142857 0.0142857 0.157143 
0.0260173 0.000123305 0.0260173 0.208508 0.000123305 0.51307 0.0913687 0.000123305 0.00135635 0.133292 
0.271638 0.000244499 0.181174 0.0222494 0.000244499 0.181174 0.000244499 0.0760391 0.203178 0.0638142 
0.000172117 0.000172117 0.149914 0.029432 0.00189329 0.439071 0.0879518 0.1 0.0156627 0.175731 
7.17875e-05 0.290811 0.0783202 0.0646805 7.17875e-05 0.34537 0.220459 7.17875e-05 7.17875e-05 7.17875e-05 
0.000286235 0.000806661 2.60213e-05 0.751782 2.60213e-05 2.60213e-05 2.60213e-05 0.019542 0.226151 0.00132709 
0.166561 0.000158479 0.226783 0.500951 0.000158479 0.000158479 0.000158479 0.077813 0.0255151 0.00174326 
0.000107875 0.763862 0.000107875 0.000107875 0.00118662 0.000107875 0.0141316 0.000107875 0.000107875 0.220173 
0.0520249 0.711423 0.0935618 0.0156802 0.000103842 0.106023 0.00529595 0.00425753 0.000103842 0.0115265 
0.0118689 0.219738 0.0249836 6.55738e-05 6.55738e-05 6.55738e-05 6.55738e-05 6.55738e-05 0.0210492 0.722033 
0.0010989 0.231868 0.1 0.253846 0.242857 0.089011 0.0010989 0.0120879 0.0010989 0.067033 
0.131359 0.00243902 0.160395 0.160395 0.000116144 0.450755 0.000116144 0.000116144 0.0941928 0.000116144 
0.0289183 0.0443709 0.000220751 0.0289183 0.000220751 0.000220751 0.000220751 0.896468 0.000220751 0.000220751 
0.00645833 0.193958 0.000208333 0.462708 0.000208333 0.123125 0.000208333 0.208542 0.000208333 0.004375 
0.000224215 0.000224215 0.0181614 0.00246637 0.000224215 0.0248879 0.222197 0.587668 0.105605 0.0383408 
0.0220109 0.0192935 0.30462 0.000271739 0.000271739 0.000271739 0.122554 0.361685 0.16875 0.000271739 
0.0275685 0.19024 0.18339 0.101199 0.00188356 0.000171233 0.082363 0.339212 0.0738014 0.000171233 
0.0443378 0.0232246 0.000191939 0.0731286 0.000191939 0.000191939 0.144146 0.489635 0.22476 0.000191939 
0.000221729 0.000221729 0.106652 0.000221729 0.000221729 0.00243902 0.000221729 0.66541 0.197561 0.0268293 
0.136706 0.157882 0.0425882 0.0472941 0.000235294 0.0378824 0.188471 0.364941 0.000235294 0.0237647 
0.000280112 0.000280112 0.000280112 0.000280112 0.000280112 0.000280112 0.201961 0.736975 0.0366947 0.0226891 
0.0003125 0.0003125 0.0190625 0.0003125 0.0003125 0.237812 0.403438 0.0003125 0.0221875 0.315937 
0.0047191 0.0294382 0.0901124 0.0114607 0.000224719 0.000224719 0.117079 0.746292 0.000224719 0.000224719 
0.0030303 0.0030303 0.39697 0.0030303 0.0030303 0.578788 0.0030303 0.0030303 0.0030303 0.0030303 
0.0322 0.0022 0.0002 0.0082 0.0002 0.3442 0.0002 0.6122 0.0002 0.0002 
0.000147275 0.598085 0.00603829 0.117968 0.000147275 0.00456554 0.000147275 0.272607 0.000147275 0.000147275 
0.000381679 0.00801527 0.0538168 0.000381679 0.000381679 0.00419847 0.175954 0.504198 0.25229 0.000381679 
0.00212766 0.0195358 0.0195358 0.000193424 0.000193424 0.0833656 0.029207 0.682979 0.162669 0.000193424 
0.000141844 0.500851 0.000141844 0.183121 0.000141844 0.00156028 0.000141844 0.312199 0.000141844 0.00156028 
0.000242718 0.184709 0.000242718 0.104612 0.000242718 0.000242718 0.056068 0.587621 0.0536408 0.0123786 
0.264681 0.142798 0.0749307 0.015374 0.000138504 0.195429 0.306233 0.000138504 0.000138504 0.000138504 
0.45019 0.000126422 0.254235 0.145512 0.00265487 0.111378 0.000126422 0.00265487 0.000126422 0.0329962 
0.543343 0.0418853 0.294558 0.118659 9.71817e-05 9.71817e-05 9.71817e-05 9.71817e-05 9.71817e-05 0.001069 
0.314865 0.0523166 0.00019305 0.0407336 0.00019305 0.187452 0.00405405 0.260811 0.127606 0.0117761 
0.033998 0.769791 0.0768694 0.0629113 9.97009e-05 0.00109671 0.0220339 0.0260219 0.00408774 0.00309073 
0.103986 0.0218599 0.135386 0.0629227 0.000120773 0.562923 0.11244 0.000120773 0.000120773 0.000120773 
0.000364964 0.0514599 0.566058 0.000364964 0.000364964 0.029562 0.233942 0.117153 0.000364964 0.000364964 
0.104769 0.000153846 0.463231 0.0632308 0.000153846 0.000153846 0.234 0.014 0.0924615 0.0278462 
0.408682 0.00127505 0.294536 0.0474196 6.07165e-05 0.247177 6.07165e-05 0.000667881 6.07165e-05 6.07165e-05 
0.226264 0.00294944 0.208006 0.0169944 0.000140449 0.151826 0.0507022 0.133567 0.00856742 0.200983 
0.000208768 0.0169102 0.211065 0.309186 0.000208768 0.0169102 0.338413 0.0899791 0.000208768 0.0169102 
0.103979 0.180104 0.304671 0.0451557 0.00017301 0.11436 0.133391 0.00017301 0.00190311 0.11609 
0.0860718 0.550707 0.193798 0.107835 0.000108814 0.0599565 0.000108814 0.000108814 0.000108814 0.00119695 
0.0210817 0.269426 0.000110375 0.0453642 0.000110375 0.0873068 0.000110375 0.576269 0.000110375 0.000110375 
0.517716 0.146318 0.000106724 0.000106724 0.000106724 0.00117396 0.000106724 0.115368 0.000106724 0.21889 
0.000142653 0.0928673 0.262625 0.141369 0.000142653 0.371041 0.078602 0.0529244 0.000142653 0.000142653 
0.182815 0.27889 0.130041 0.0109608 0.0014885 0.000135318 0.000135318 0.395264 0.000135318 0.000135318 
