0.31523 0.0676041 3.6523e-05 3.6523e-05 0.161103 0.189956 0.209313 0.000766983 0.0559167 3.6523e-05 
0.224554 4.57247e-05 0.104755 4.57247e-05 4.57247e-05 4.57247e-05 0.124874 4.57247e-05 0.0187929 0.526795 
0.537645 4.47628e-05 4.47628e-05 4.47628e-05 0.0765891 4.47628e-05 0.162981 4.47628e-05 4.47628e-05 0.222516 
0.299425 0.000574713 0.0293103 0.0178161 0.236207 0.0522989 0.351149 0.000574713 0.000574713 0.012069 
0.373964 0.0829447 4.31779e-05 0.00522453 0.082513 0.114896 0.00133851 4.31779e-05 0.0484024 0.29063 
0.124599 0.450488 3.48918e-05 3.48918e-05 0.0558618 3.48918e-05 0.162282 3.48918e-05 0.00631542 0.200314 
0.0025 0.0275 0.0025 0.0025 0.0525 0.6025 0.2275 0.0775 0.0025 0.0025 
0.00454545 0.05 0.186364 0.186364 0.00454545 0.231818 0.231818 0.00454545 0.00454545 0.0954545 
0.162598 0.0511453 2.7933e-05 2.7933e-05 0.0860615 2.7933e-05 0.420978 2.7933e-05 0.0603631 0.218743 
0.471608 0.0263129 0.459573 5.47046e-05 5.47046e-05 5.47046e-05 0.0421772 5.47046e-05 5.47046e-05 5.47046e-05 
0.148335 0.000107411 0.0140709 0.400752 0.00870032 0.37927 0.000107411 0.0108485 0.0334049 0.00440387 
0.304227 0.132848 2.85633e-05 0.0137389 0.0343045 2.85633e-05 0.388489 0.0988575 0.00974007 0.0177378 
0.363781 0.0244062 3.125e-05 0.184406 0.166594 0.0769062 3.125e-05 3.125e-05 0.0887813 0.0950313 
0.13992 0.088024 0.00618762 0.000199601 0.351497 0.00219561 0.135928 0.000199601 0.000199601 0.275649 
0.476447 0.0239814 0.154789 3.57398e-05 0.000750536 0.106183 0.0690136 0.000393138 0.0582916 0.110114 
0.370205 0.0349681 0.160262 0.0161572 0.0121263 0.0161572 0.303359 0.086698 3.35909e-05 3.35909e-05 
0.0589385 0.0477654 0.025419 0.00027933 0.00027933 0.0449721 0.103631 0.0365922 0.00027933 0.681844 
0.428841 6.98324e-05 0.000768156 0.527304 6.98324e-05 0.00425978 6.98324e-05 0.000768156 0.0224162 0.015433 
0.772794 0.000735294 0.000735294 0.0154412 0.0448529 0.000735294 0.118382 0.000735294 0.000735294 0.0448529 
0.309023 0.00075188 0.00075188 0.00827068 0.309023 0.106015 0.00075188 0.0458647 0.218797 0.00075188 
0.407971 0.151787 0.237548 5.49753e-05 0.0462342 5.49753e-05 0.152886 5.49753e-05 0.00335349 5.49753e-05 
0.298626 0.0831355 0.188695 6.2461e-05 6.2461e-05 6.2461e-05 0.368582 6.2461e-05 0.0606496 6.2461e-05 
0.00185185 0.00185185 0.00185185 0.00185185 0.00185185 0.00185185 0.761111 0.224074 0.00185185 0.00185185 
0.481438 0.0219786 0.174962 0.00209077 0.112239 5.09944e-05 0.207088 5.09944e-05 5.09944e-05 5.09944e-05 
0.569474 0.00105263 0.0642105 0.00105263 0.0115789 0.00105263 0.158947 0.00105263 0.00105263 0.190526 
0.699353 4.61894e-05 0.0272979 0.0642494 0.0143649 0.00189376 0.186189 4.61894e-05 0.0065127 4.61894e-05 
0.171252 3.17662e-05 0.0667408 3.17662e-05 0.0022554 0.0692821 0.0931067 0.54641 0.0435515 0.00733799 
0.593489 4.97018e-05 0.0149602 4.97018e-05 0.00154076 0.0497515 0.139712 4.97018e-05 4.97018e-05 0.200348 
0.360584 5.51268e-05 0.000606395 5.51268e-05 0.0640022 5.51268e-05 0.200165 5.51268e-05 5.51268e-05 0.374366 
0.0874865 0.3 0.0259978 0.00226537 0.00658037 0.296764 0.0162891 0.0702265 0.089644 0.104746 
0.207711 0.0706306 0.048355 0.000376971 0.000719671 0.0288211 0.392769 0.124092 0.126148 0.000376971 
0.136256 0.130139 4.0783e-05 0.0412316 0.0016721 4.0783e-05 0.641966 0.0485726 4.0783e-05 4.0783e-05 
0.690417 0.0681944 0.00986111 0.000138889 0.0529167 0.000138889 0.133472 0.000138889 0.000138889 0.0445833 
0.162215 0.127968 0.000114155 0.000114155 0.000114155 0.000114155 0.397374 0.000114155 0.0526256 0.259247 
0.471123 0.000534759 0.000534759 0.000534759 0.0647059 0.0272727 0.337433 0.000534759 0.0647059 0.0326203 
0.137323 5.67215e-05 5.67215e-05 5.67215e-05 0.294441 5.67215e-05 0.203687 5.67215e-05 5.67215e-05 0.364209 
0.184191 0.0628676 0.000367647 0.000367647 0.0334559 0.000367647 0.202574 0.000367647 0.463603 0.0518382 
0.361099 0.0227371 0.000107759 0.015194 0.0044181 0.143427 0.108944 0.0108836 0.000107759 0.333082 
0.430282 0.000704225 0.000704225 0.000704225 0.106338 0.000704225 0.197887 0.0147887 0.247183 0.000704225 
0.220767 0.000319489 0.0322684 0.000319489 0.000319489 0.0354633 0.172843 0.000319489 0.000319489 0.537061 
0.599465 0.000534759 0.000534759 0.000534759 0.128877 0.000534759 0.0754011 0.0219251 0.000534759 0.171658 
0.213823 0.0523454 4.1511e-05 4.1511e-05 0.0511 0.191822 0.365753 0.0598174 0.0452885 0.0199668 
0.149252 3.25098e-05 0.0400195 3.25098e-05 0.0185631 0.24028 0.194766 0.0013329 0.0240897 0.331632 
0.107027 0.0236497 0.157368 5.24384e-05 0.443681 5.24384e-05 0.105454 0.0776612 0.0850026 5.24384e-05 
0.101596 0.0803191 0.000531915 0.0164894 0.13883 0.0111702 0.282447 0.00585106 0.000531915 0.362234 
0.640971 0.000194175 0.00213592 0.000194175 0.147767 0.0196117 0.0215534 0.000194175 0.00601942 0.161359 
0.679082 0.00561224 0.000510204 0.000510204 0.219898 0.000510204 0.0158163 0.000510204 0.0770408 0.000510204 
0.618788 0.0915152 0.000606061 0.000606061 0.103636 0.000606061 0.000606061 0.000606061 0.0733333 0.109697 
0.395938 5.14139e-05 5.14139e-05 5.14139e-05 0.0596915 5.14139e-05 0.100823 5.14139e-05 0.0591774 0.384113 
0.535956 0.00155834 0.224287 0.00231851 0.000798176 3.80084e-05 0.163094 0.0657925 0.00573926 0.000418092 
0.818845 3.63108e-05 3.63108e-05 3.63108e-05 0.00548293 0.0421569 3.63108e-05 3.63108e-05 3.63108e-05 0.133297 
0.281295 0.000719424 0.166187 0.000719424 0.00791367 0.00791367 0.281295 0.216547 0.000719424 0.0366906 
0.169424 4.39947e-05 0.00180378 0.730356 0.000923889 0.0699956 0.0075231 4.39947e-05 0.000483942 0.0194017 
0.0375653 3.26371e-05 0.0515992 3.26371e-05 0.191939 0.000359008 0.339785 0.35904 3.26371e-05 0.0196149 
0.38 0.0972414 0.0489655 0.0351724 0.000689655 0.124828 0.193793 0.000689655 0.000689655 0.117931 
0.429718 0.0305857 0.089154 0.00021692 0.00021692 0.00021692 0.349458 0.00021692 0.1 0.00021692 
0.0152751 0.064611 0.064611 9.48767e-05 0.129127 9.48767e-05 0.628178 0.036148 0.0617647 9.48767e-05 
0.58416 0.01456 0.30736 0.00016 0.01616 0.03056 0.02576 0.01136 0.00656 0.00336 
0.316438 0.426027 0.00136986 0.00136986 0.00136986 0.00136986 0.247945 0.00136986 0.00136986 0.00136986 
0.412619 0.0639077 0.061194 0.000135685 0.000135685 0.000135685 0.240299 0.221303 0.000135685 0.000135685 
0.119052 0.0734347 0.0671735 8.94454e-05 0.0770125 0.0627013 0.219231 0.316726 0.00187835 0.0627013 
0.000420168 0.0718487 0.000420168 0.000420168 0.0508403 0.000420168 0.269328 0.000420168 0.000420168 0.605462 
0.134667 0.00133333 0.00133333 0.0546667 0.108 0.121333 0.428 0.00133333 0.148 0.00133333 
0.53128 0.0389253 4.36872e-05 4.36872e-05 0.0175186 4.36872e-05 0.217169 4.36872e-05 0.00310179 0.19183 
0.318437 0.342278 0.152344 2.64901e-05 0.00770861 0.00161589 0.168503 0.00691391 0.0021457 2.64901e-05 
0.55072 0.0395406 3.06279e-05 0.0144257 0.0992649 0.21075 0.0649617 3.06279e-05 0.0187136 0.00156202 
0.394571 0.000285714 0.00314286 0.000285714 0.0745714 0.000285714 0.303143 0.0145714 0.134571 0.0745714 
0.593051 0.0605596 0.0777076 0.00189531 0.130054 9.02527e-05 0.0641697 0.0217509 0.0497292 0.00099278 
0.288235 0.000653595 0.000653595 0.000653595 0.0333333 0.000653595 0.000653595 0.00718954 0.000653595 0.66732 
0.207353 0.00147059 0.0161765 0.0897059 0.00147059 0.00147059 0.648529 0.00147059 0.00147059 0.0308824 
0.337989 0.0643568 0.00323383 3.55366e-05 0.0231343 3.55366e-05 0.330526 0.000390903 0.0309524 0.209346 
0.314925 0.0164179 0.00149254 0.0164179 0.00149254 0.00149254 0.10597 0.00149254 0.00149254 0.538806 
0.25892 0.0196157 0.0667513 3.62582e-05 0.0914068 0.00692531 0.397426 0.0750906 0.08343 0.00039884 
0.383194 6.43915e-05 0.0187379 0.332968 0.00779137 0.0316162 0.0902125 6.43915e-05 6.43915e-05 0.135287 
0.287017 0.000732357 0.201132 0.220439 6.65779e-05 0.0386818 0.216445 6.65779e-05 0.0353529 6.65779e-05 
0.0893853 0.0626987 0.0465067 2.9985e-05 0.0504048 0.0366117 0.568246 0.0270165 0.117271 0.00182909 
0.2984 0.0572902 0.139438 3.55619e-05 0.000746799 0.0740043 0.287376 3.55619e-05 0.142639 3.55619e-05 
0.351156 0.00226667 0.000933333 4.44444e-05 0.400489 0.0804889 0.1516 4.44444e-05 0.00715556 0.00582222 
0.374277 0.0793082 0.45478 6.28931e-05 6.28931e-05 0.000691824 0.09 6.28931e-05 6.28931e-05 0.000691824 
0.15929 0.0103185 0.00368281 3.31785e-05 0.299967 3.31785e-05 0.291672 0.00235567 0.00865959 0.223988 
0.0456239 0.353543 2.45158e-05 2.45158e-05 0.0659721 0.0218436 0.192719 2.45158e-05 0.0228242 0.297401 
0.322795 0.000731962 0.024085 3.48554e-05 0.127605 0.00840014 0.437121 0.0443012 0.0132799 0.0216452 
0.250176 0.0829225 0.000176056 0.000176056 0.0424296 0.000176056 0.109331 0.000176056 0.0353873 0.479049 
0.534062 0.00393586 0.347959 4.85909e-05 0.0321186 4.85909e-05 0.0816812 4.85909e-05 4.85909e-05 4.85909e-05 
0.650356 0.0122013 4.19287e-05 0.00884696 0.0331656 4.19287e-05 0.105702 4.19287e-05 4.19287e-05 0.18956 
0.671138 0.000699068 3.32889e-05 0.00702397 0.143842 0.0406458 3.32889e-05 0.000366178 3.32889e-05 0.136185 
0.0422293 0.0858298 0.020429 0.0137482 0.000386779 0.229641 0.345323 0.0545359 0.207841 3.51617e-05 
0.332255 0.0546409 0.000461991 0.000881982 0.0630407 0.0349013 0.335615 0.0349013 0.143259 4.19992e-05 
0.634517 3.22893e-05 0.000355182 0.00100097 0.0416855 0.180852 0.0336132 0.037165 0.0691314 0.00164675 
0.398747 0.0203008 0.391228 0.000250627 0.0353383 0.000250627 0.153133 0.000250627 0.000250627 0.000250627 
0.446539 0.000238663 0.14105 0.102864 0.000238663 0.110024 0.195943 0.000238663 0.000238663 0.0026253 
0.73651 4.47427e-05 4.47427e-05 0.0215213 0.0206264 4.47427e-05 0.102953 4.47427e-05 4.47427e-05 0.118166 
0.349433 0.075118 0.193154 4.72144e-05 0.0689802 4.72144e-05 0.244145 0.068508 0.000519358 4.72144e-05 
0.284943 4.78011e-05 0.106166 0.008174 0.0755736 0.15827 0.329398 0.00387189 0.0315966 0.00195985 
0.545877 0.000149925 0.000149925 0.0331334 0.0871064 0.0481259 0.213043 0.0631184 0.000149925 0.00914543 
0.450705 0.0303939 0.000397542 0.142067 0.0289483 0.0835201 0.103397 0.0224431 0.138092 3.61402e-05 
2.13858e-05 0.68287 2.13858e-05 2.13858e-05 0.0299615 2.13858e-05 0.244889 0.0226903 0.000235244 0.0192686 
0.314061 0.000121212 0.000121212 0.000121212 0.0546667 0.000121212 0.626788 0.000121212 0.00375758 0.000121212 
0.278283 0.0156566 0.000505051 0.0207071 0.14697 0.0712121 0.14697 0.0106061 0.308586 0.000505051 
0.122792 0.0883474 0.341187 3.66435e-05 3.66435e-05 3.66435e-05 0.250311 0.197178 3.66435e-05 3.66435e-05 
0.53879 4.14422e-05 0.232532 4.14422e-05 0.0986738 4.14422e-05 0.128512 4.14422e-05 0.00128471 4.14422e-05 
0.240279 3.98406e-05 0.0538247 0.000438247 0.0111952 3.98406e-05 0.418367 0.260199 0.000836653 0.0147809 
0.140621 0.0222173 4.43459e-05 0.750377 0.0652328 0.0120177 0.000487805 0.00847007 4.43459e-05 0.000487805 
0.305932 0.000847458 0.000847458 0.000847458 0.161864 0.000847458 0.24661 0.000847458 0.0177966 0.263559 
0.328466 0.00600445 7.4129e-05 7.4129e-05 0.0742031 0.0186064 0.262491 0.000815419 7.4129e-05 0.309192 
0.0112088 0.138681 0.241978 0.00021978 0.00461538 0.052967 0.283736 0.182637 0.0375824 0.0463736 
0.0959073 0.0275043 0.146279 2.86205e-05 0.0137665 0.32945 0.331454 0.0280767 0.0172009 0.010332 
0.1364 0.0804 0.0124 0.0004 0.3444 0.0004 0.2284 0.0044 0.1924 0.0004 
0.308135 4.32713e-05 4.32713e-05 4.32713e-05 0.0216789 0.0636521 0.315924 4.32713e-05 0.16058 0.129857 
0.0649443 0.000101317 0.0203647 0.393212 0.010233 0.502634 0.00618034 0.000101317 0.00212766 0.000101317 
0.248845 0.00017762 0.113854 0.0321492 0.259503 0.00195382 0.186679 0.0374778 0.0587922 0.0605684 
0.177458 0.00579877 3.84025e-05 3.84025e-05 0.210484 0.0906682 0.431682 0.0223118 0.0461214 0.0153994 
0.207637 2.58866e-05 0.0383381 2.58866e-05 0.0282423 2.58866e-05 0.107196 0.0220295 0.557624 0.0388558 
0.146869 0.0876957 0.020382 3.13087e-05 0.0138071 3.13087e-05 0.305291 0.393582 0.020382 0.0119286 
0.0648069 3.90168e-05 3.90168e-05 0.734725 0.062856 0.0925088 3.90168e-05 0.00940304 0.0179867 0.0175966 
0.0883997 0.04759 0.0777956 3.21337e-05 0.00774422 0.301446 0.447333 0.000674807 0.0276671 0.00131748 
0.269419 0.0298837 0.0434496 3.87597e-05 0.0636047 0.000813953 0.472519 0.0779457 0.0422868 3.87597e-05 
0.362065 0.263806 0.000124378 0.124502 0.000124378 0.0113184 0.13694 0.0187811 0.0386816 0.0436567 
0.0941951 0.0320958 0.061458 3.37496e-05 3.37496e-05 0.0121836 0.542389 0.242018 0.0040837 0.0115086 
0.209908 0.026669 3.55114e-05 3.55114e-05 0.351243 0.0749645 0.0707031 3.55114e-05 0.00820313 0.258203 
0.206049 0.0261103 0.0284074 0.367611 0.0988515 7.65697e-05 0.213706 7.65697e-05 0.0590352 7.65697e-05 
0.0037284 0.557802 0.0217531 2.46914e-05 0.106198 0.0155802 0.182988 0.099284 0.0126173 2.46914e-05 
0.620704 4.57038e-05 0.0228976 0.0658592 0.0123857 0.099223 0.0786563 4.57038e-05 0.0439214 0.0562614 
0.18609 0.0112474 0.0129993 3.50385e-05 0.0806237 0.0578486 0.220778 3.50385e-05 0.0417309 0.388612 
0.495714 0.00047619 0.00047619 0.0052381 0.0671429 0.00047619 0.429048 0.00047619 0.00047619 0.00047619 
0.136335 0.0507591 0.0707729 0.000379572 3.45066e-05 0.0542098 0.202243 0.178433 0.0966529 0.210179 
0.00454545 0.777273 0.00454545 0.00454545 0.00454545 0.00454545 0.186364 0.00454545 0.00454545 0.00454545 
0.323439 0.0475634 0.00487314 0.129722 0.0580346 4.02739e-05 0.172815 0.0564237 0.0536045 0.153484 
0.118027 0.0545351 0.000113379 0.000113379 0.172449 0.0239229 0.317574 0.000113379 0.00351474 0.309637 
0.181649 0.0703093 0.0373196 0.000206186 0.0249485 0.000206186 0.0723711 0.0661856 0.000206186 0.546598 
0.164021 0.0241608 0.0136713 3.4965e-05 0.0363986 0.021014 0.246538 3.4965e-05 3.4965e-05 0.494091 
0.302702 0.0566265 3.65097e-05 0.00332238 0.0767068 0.00186199 0.343958 3.65097e-05 0.210697 0.00405257 
0.281823 0.0219271 5.20833e-05 0.624531 5.20833e-05 0.0167188 0.0542187 0.000572917 5.20833e-05 5.20833e-05 
0.390909 0.118182 0.0012987 0.0012987 0.364935 0.0922078 0.0012987 0.0142857 0.0012987 0.0142857 
0.18731 0.0517864 4.10678e-05 4.10678e-05 0.058768 0.00291581 0.259179 4.10678e-05 0.0300205 0.409897 
0.0312717 0.144566 0.00236994 5.78035e-05 5.78035e-05 0.00121387 0.207572 0.0410983 0.00468208 0.56711 
0.00151515 0.00151515 0.0166667 0.00151515 0.00151515 0.183333 0.54697 0.243939 0.00151515 0.00151515 
0.282951 0.143807 7.64526e-05 7.64526e-05 0.183563 7.64526e-05 0.254664 0.0543578 0.0803517 7.64526e-05 
0.378139 0.0446437 0.376684 4.84731e-05 0.00586524 0.00101794 0.193456 4.84731e-05 4.84731e-05 4.84731e-05 
0.384479 0.0419777 0.0367387 6.54879e-05 0.318337 0.0059594 0.0812705 6.54879e-05 0.0996071 0.0314997 
0.300032 0.0026045 0.0321865 3.21543e-05 0.13701 3.21543e-05 0.158875 3.21543e-05 3.21543e-05 0.369164 
0.499239 8.46024e-05 8.46024e-05 0.0736887 0.234433 0.0212352 0.0457699 0.0601523 0.0601523 0.00516074 
0.313333 0.00222222 0.00222222 0.00222222 0.38 0.00222222 0.291111 0.00222222 0.00222222 0.00222222 
0.705 0.005 0.005 0.005 0.105 0.005 0.155 0.005 0.005 0.005 
0.390349 0.0616453 3.56125e-05 0.110791 0.0103632 3.56125e-05 0.397472 0.00110399 0.0157051 0.0125 
0.408424 0.0189296 0.369772 9.9108e-05 0.0417245 9.9108e-05 0.152725 9.9108e-05 0.00208127 0.00604559 
0.31433 0.021238 3.41997e-05 3.41997e-05 0.0804036 0.0140561 0.438817 0.0862175 0.0431259 0.00174419 
0.577466 7.58725e-05 7.58725e-05 7.58725e-05 0.0524279 0.0440819 0.0205615 7.58725e-05 0.0144917 0.290668 
0.0875 0.299457 0.125543 0.000543478 0.22337 0.217935 0.0440217 0.000543478 0.000543478 0.000543478 
0.570748 0.187563 3.87447e-05 0.0112747 0.00701279 3.87447e-05 0.189113 3.87447e-05 0.00585045 0.0283224 
0.330425 0.000235849 0.000235849 0.000235849 0.273821 0.000235849 0.309198 0.0521226 0.0285377 0.00495283 
0.153735 8.48896e-05 8.48896e-05 0.00857385 0.141002 0.291256 0.12657 0.135908 0.0866723 0.0561121 
0.30413 0.0185413 0.0334798 8.78735e-05 0.129262 0.0484183 0.187258 0.0862039 0.0967487 0.0958699 
0.421092 0.390682 0.125575 3.89864e-05 3.89864e-05 3.89864e-05 0.0526706 3.89864e-05 0.00978558 3.89864e-05 
0.456252 0.00500956 3.82409e-05 3.82409e-05 3.82409e-05 3.82409e-05 0.158356 0.00156788 3.82409e-05 0.378623 
0.390367 9.93049e-05 0.0100298 0.239424 9.93049e-05 0.307944 0.0159881 0.014995 9.93049e-05 0.0209533 
0.1 0.1 0.1 0.1 0.1 0.1 0.1 0.1 0.1 0.1 
0.206974 0.162212 0.000356795 3.24359e-05 0.000356795 0.0298735 0.463866 3.24359e-05 0.135615 0.000681155 
0.458421 0.000526316 0.000526316 0.000526316 0.274211 0.000526316 0.000526316 0.000526316 0.000526316 0.263684 
0.00116279 0.00116279 0.0476744 0.00116279 0.396512 0.163953 0.00116279 0.00116279 0.00116279 0.384884 
0.680583 0.000970874 0.000970874 0.000970874 0.233981 0.0300971 0.000970874 0.000970874 0.0495146 0.000970874 
0.40775 0.00025 0.00275 0.00025 0.11525 0.00025 0.18275 0.00025 0.00025 0.29025 
0.322476 0.0764898 0.203293 2.72109e-05 2.72109e-05 2.72109e-05 0.145061 0.0522721 0.182612 0.0177143 
0.394986 0.0625096 2.57136e-05 2.57136e-05 0.172821 2.57136e-05 0.286989 0.0748521 0.00671124 0.00105426 
0.0849018 0.0629619 0.0522806 2.88684e-05 0.0257217 2.88684e-05 0.3528 0.411403 0.00955543 0.000317552 
0.0932137 0.19255 0.0196951 2.45881e-05 2.45881e-05 0.00199164 0.539489 0.0140398 0.0590361 0.0799361 
0.0608061 5.84112e-05 5.84112e-05 0.915362 5.84112e-05 0.0234229 5.84112e-05 5.84112e-05 5.84112e-05 5.84112e-05 
0.23525 0.22025 0.03275 0.00025 0.28525 0.00025 0.00025 0.22525 0.00025 0.00025 
0.292868 0.169312 0.233099 5.0226e-05 0.000552486 5.0226e-05 0.26675 0.0372175 5.0226e-05 5.0226e-05 
0.4924 4.13052e-05 0.000454358 0.0107807 0.0161504 0.0128459 0.162371 0.00086741 0.0384552 0.265634 
0.0574121 0.35699 0.00171589 2.81294e-05 0.190745 0.0135302 0.262475 0.102419 0.0115612 0.00312236 
0.169474 0.00105263 0.0747368 0.00105263 0.00105263 0.00105263 0.127368 0.00105263 0.0326316 0.590526 
0.27284 0.00123457 0.00123457 0.00123457 0.00123457 0.00123457 0.211111 0.137037 0.0876543 0.285185 
0.0171775 0.137031 0.0517155 2.28728e-05 0.0318161 0.160819 0.506656 0.00551235 0.0892269 2.28728e-05 
4.14422e-05 0.0228346 4.14422e-05 0.0029424 0.23419 0.00211355 0.602196 4.14422e-05 4.14422e-05 0.135557 
0.506992 4.48229e-05 0.0323173 0.0108023 4.48229e-05 0.17844 4.48229e-05 0.00363066 0.0255939 0.242089 
0.501042 0.00104167 0.00104167 0.00104167 0.188542 0.00104167 0.136458 0.0635417 0.0427083 0.0635417 
0.211022 0.0229538 0.367079 3.63769e-05 0.0305929 0.194289 0.11426 0.00694798 0.0527828 3.63769e-05 
0.697193 0.0129825 0.0316959 0.000116959 0.025848 0.000116959 0.228187 0.00362573 0.000116959 0.000116959 
0.562157 0.0750718 0.0361214 4.10004e-05 0.0750718 0.00250103 0.217753 4.10004e-05 0.000861009 0.0303813 
0.0917012 0.000414938 0.000414938 0.000414938 0.0709544 0.000414938 0.519087 0.000414938 0.03361 0.282573 
0.136647 0.00459941 0.000148368 0.804303 0.0505935 0.00311573 0.000148368 0.000148368 0.000148368 0.000148368 
0.030385 0.0807701 2.20022e-05 2.20022e-05 0.161518 0.0385259 0.247327 0.174499 0.205523 0.0614081 
0.177089 0.0998203 8.98473e-05 8.98473e-05 0.4646 8.98473e-05 0.160018 0.0405211 0.0575921 8.98473e-05 
0.856098 0.00243902 0.0756098 0.00243902 0.0268293 0.00243902 0.0268293 0.00243902 0.00243902 0.00243902 
0.0958251 0.0511297 0.064391 4.91159e-05 4.91159e-05 0.000540275 0.0742141 0.04278 4.91159e-05 0.670972 
0.7288 0.0168 0.2408 0.0088 0.0008 0.0008 0.0008 0.0008 0.0008 0.0008 
0.325515 0.0180532 0.205017 4.28816e-05 0.00218696 4.28816e-05 0.370111 0.0206261 0.0583619 4.28816e-05 
0.131734 0.1073 0.0244636 2.97974e-05 0.0643921 0.00211561 0.487217 0.0354887 0.147229 2.97974e-05 
0.366257 0.00150273 0.000136612 0.000136612 0.095765 0.000136612 0.347131 0.000136612 0.000136612 0.188661 
0.118997 0.132081 0.0150472 2.42307e-05 0.0802278 0.0247395 0.449503 0.09307 0.0729586 0.0133511 
0.229066 0.000150602 0.00466867 0.000150602 0.0875 0.000150602 0.426355 0.000150602 0.000150602 0.251657 
0.263523 0.0351422 0.0751886 2.90192e-05 0.101306 0.0191817 0.404556 0.0360128 0.0647417 0.000319211 
0.0961176 3.92157e-05 0.0180784 3.92157e-05 0.242392 0.166706 0.258471 0.0227843 0.105137 0.0902353 
6.71592e-05 0.0598388 6.71592e-05 6.71592e-05 0.156548 6.71592e-05 0.178711 6.71592e-05 0.00409671 0.60047 
0.392757 0.117056 0.000233645 0.145093 0.215187 0.0843458 0.0259346 0.0189252 0.000233645 0.000233645 
0.284923 0.0641094 0.0507672 6.67111e-05 0.167512 6.67111e-05 0.318946 0.00873916 0.104803 6.67111e-05 
0.705098 3.77644e-05 0.213784 3.77644e-05 0.0132553 3.77644e-05 0.0653701 3.77644e-05 0.00230363 3.77644e-05 
0.561878 0.0369933 0.0097999 0.144741 0.022627 5.13084e-05 0.200154 5.13084e-05 0.0236532 5.13084e-05 
0.32801 8.53971e-05 8.53971e-05 0.464646 8.53971e-05 0.0863365 0.0555935 0.000939368 0.0444919 0.0197267 
0.510053 5.26316e-05 0.000578947 5.26316e-05 0.0137368 0.104789 0.274263 5.26316e-05 5.26316e-05 0.0963684 
0.018066 0.877136 0.00832084 7.49625e-05 0.0173163 0.00307346 0.0443028 0.0143178 7.49625e-05 0.0173163 
0.124492 0.000126904 0.0458122 0.00520305 0.139721 0.076269 0.325 0.0293147 0.0559645 0.198096 
0.345255 0.0158869 2.6434e-05 0.0010838 0.246656 2.6434e-05 0.227888 2.6434e-05 0.0224954 0.140656 
0.411205 0.047398 0.348851 4.68823e-05 0.0112986 0.000515706 0.180075 4.68823e-05 4.68823e-05 0.000515706 
0.258077 0.000384615 0.000384615 0.000384615 0.0157692 0.000384615 0.250385 0.000384615 0.000384615 0.473462 
0.193371 0.000189394 0.00965909 0.000189394 0.00208333 0.000189394 0.276705 0.000189394 0.000189394 0.517235 
0.389167 6.41026e-05 0.0853205 0.17891 0.023141 0.154551 0.151346 0.0160897 6.41026e-05 0.00134615 
0.05 0.05 0.05 0.05 0.55 0.05 0.05 0.05 0.05 0.05 
0.346249 0.128695 0.0566767 3.75094e-05 0.0371718 0.159077 0.26973 0.00228807 3.75094e-05 3.75094e-05 
0.0435977 5.18403e-05 0.592587 5.18403e-05 5.18403e-05 5.18403e-05 0.0715915 0.23126 0.00782789 0.052929 
0.1908 0.000133333 0.0694667 0.000133333 0.0428 0.0028 0.340133 0.0654667 0.000133333 0.288133 
0.367787 0.00612648 0.000197628 0.0100791 0.207708 0.00810277 0.197826 0.000197628 0.000197628 0.201779 
0.0915396 0.0511433 0.089253 7.62195e-05 0.105259 7.62195e-05 0.157088 0.505412 7.62195e-05 7.62195e-05 
0.155619 0.0040837 0.000708741 3.37496e-05 0.0361458 3.37496e-05 0.203881 0.165407 0.0570705 0.377017 
0.303442 0.12997 3.37496e-05 3.37496e-05 0.114445 0.0776578 0.197131 3.37496e-05 0.174857 0.00239622 
0.432397 0.000100301 0.000100301 0.265898 0.00110331 0.165597 0.000100301 0.000100301 0.000100301 0.134504 
0.287631 0.000174216 0.000174216 0.000174216 0.308537 0.000174216 0.148258 0.0245645 0.0506969 0.179617 
0.441378 0.0657874 3.93701e-05 0.0744488 0.0437402 0.0484646 0.28311 0.0390157 0.00397638 3.93701e-05 
0.484576 0.0516628 0.341227 5.73394e-05 5.73394e-05 5.73394e-05 0.118177 5.73394e-05 0.0040711 5.73394e-05 
0.202487 0.103002 8.57633e-05 8.57633e-05 0.123585 0.0421098 0.461492 0.0198113 0.0472556 8.57633e-05 
0.34 0.000869565 0.000869565 0.000869565 0.322609 0.0791304 0.166087 0.0182609 0.000869565 0.0704348 
0.362823 0.0090158 3.59195e-05 3.59195e-05 0.00542385 3.59195e-05 0.199389 3.59195e-05 0.0808549 0.342349 
0.11811 0.139682 0.00684076 0.000596083 0.0795061 2.83849e-05 0.567443 0.00286687 0.0848992 2.83849e-05 
0.505 0.005 0.005 0.005 0.055 0.005 0.405 0.005 0.005 0.005 
0.390125 0.0232651 0.00400489 3.05717e-05 0.0617854 3.05717e-05 0.27915 0.132712 0.0379395 0.0709569 
0.0847441 9.84252e-05 0.665453 9.84252e-05 0.115256 0.025689 0.105413 0.00305118 9.84252e-05 9.84252e-05 
0.381737 0.0559155 0.0892488 0.177512 0.00802817 0.105211 0.119765 4.69484e-05 0.0624883 4.69484e-05 
0.00464043 0.132999 2.7137e-05 2.7137e-05 0.213324 0.0640706 0.498806 0.000298507 0.0857802 2.7137e-05 
0.14878 0.00243902 0.12439 0.00243902 0.00243902 0.00243902 0.00243902 0.00243902 0.14878 0.563415 
0.523786 0.0254415 0.111534 5.51876e-05 0.0497241 0.00998896 0.259437 0.00557395 0.0121965 0.00226269 
0.357229 0.00205103 0.0365683 0.272186 0.00505253 0.287194 0.0395698 5.0025e-05 5.0025e-05 5.0025e-05 
0.104525 0.000452489 0.0547511 0.000452489 0.244796 0.0864253 0.348869 0.158824 0.000452489 0.000452489 
0.0392028 0.0274177 0.230191 3.4662e-05 0.0537608 0.000727903 0.554281 0.0360832 0.0579203 0.000381282 
0.399384 0.0386606 4.10846e-05 4.10846e-05 0.0398932 0.0308546 0.329129 4.10846e-05 0.161915 4.10846e-05 
0.459562 0.37324 6.64011e-05 6.64011e-05 0.106308 6.64011e-05 0.0060425 0.00471448 0.0498672 6.64011e-05 
0.497724 0.0299058 7.84929e-05 0.0149922 0.0526688 0.0605181 0.107614 0.00243328 0.150785 0.083281 
0.361047 0.000581395 0.000581395 0.000581395 0.23314 0.000581395 0.250581 0.128488 0.0238372 0.000581395 
0.467562 6.25e-05 0.366313 6.25e-05 6.25e-05 6.25e-05 0.134437 0.0313125 6.25e-05 6.25e-05 
0.18389 0.048844 3.66972e-05 3.66972e-05 0.00517431 0.0183853 0.291413 3.66972e-05 0.0473761 0.404807 
0.055848 0.000292398 0.0236842 0.000292398 0.146491 0.000292398 0.164035 0.143567 0.000292398 0.465205 
0.131178 0.121511 6.0423e-05 0.000664653 0.0810272 0.00247734 0.330574 0.00549849 6.0423e-05 0.326949 
0.185302 0.0238743 0.0638063 8.49618e-05 0.192948 0.00348343 0.367969 0.109686 0.0527613 8.49618e-05 
0.28875 0.00125 0.00125 0.00125 0.01375 0.00125 0.18875 0.48875 0.01375 0.00125 
0.352598 0.0152678 0.0160671 7.99361e-05 0.00967226 7.99361e-05 0.336611 7.99361e-05 0.00727418 0.26227 
0.00882902 0.0291011 0.0232329 2.66738e-05 0.153134 0.0218992 0.414537 0.00189384 0.0325687 0.314777 
0.354264 0.0686632 3.96668e-05 3.96668e-05 0.105553 0.0746132 0.292384 0.0095597 0.0730266 0.0218564 
0.38385 0.259297 0.141299 0.0215137 5.95948e-05 5.95948e-05 0.134744 0.0328367 0.00959476 0.0167461 
0.0651116 0.142191 0.610751 0.00020284 0.00831643 0.172617 0.00020284 0.00020284 0.00020284 0.00020284 
0.15709 0.0376866 0.0563433 0.000373134 0.280224 0.0152985 0.310075 0.0115672 0.13097 0.000373134 
0.241478 0.00015083 0.0137255 0.00015083 0.242986 0.00316742 0.102715 0.00015083 0.00015083 0.395324 
0.0362656 0.0155671 0.744761 4.3122e-05 0.0164295 4.3122e-05 0.171238 0.00996119 0.000905563 0.00478655 
0.785861 8.56898e-05 8.56898e-05 0.0240788 8.56898e-05 0.0189374 0.120908 0.0343616 8.56898e-05 0.0155099 
0.137636 0.0013269 0.00735826 0.000120627 0.266707 0.102654 0.376478 0.000120627 0.000120627 0.107479 
0.000178891 0.000178891 0.0198569 0.000178891 0.857066 0.0127013 0.0860465 0.000178891 0.0234347 0.000178891 
0.0289474 0.000125313 0.000125313 0.000125313 0.111654 0.273308 0.00137845 0.000125313 0.166792 0.417419 
0.000210084 0.0611345 0.000210084 0.914076 0.000210084 0.000210084 0.00861345 0.014916 0.000210084 0.000210084 
0.0171913 0.0196126 0.000242131 0.920339 0.0389831 0.000242131 0.000242131 0.000242131 0.000242131 0.00266344 
0.157143 0.0414966 0.000680272 0.238776 0.436054 0.000680272 0.102721 0.0210884 0.000680272 0.000680272 
0.0767516 0.00350318 0.000318471 0.213694 0.296497 0.114968 0.283758 0.00350318 0.0066879 0.000318471 
0.000302115 0.000302115 0.000302115 0.927795 0.0486405 0.000302115 0.018429 0.000302115 0.000302115 0.00332326 
0.00116279 0.00116279 0.0825581 0.303488 0.175581 0.431395 0.00116279 0.00116279 0.00116279 0.00116279 
0.0370192 0.000160256 0.000160256 0.827083 0.05625 0.05625 0.000160256 0.0177885 0.00496795 0.000160256 
0.000234742 0.000234742 0.0847418 0.727934 0.000234742 0.124648 0.0260563 0.000234742 0.035446 0.000234742 
0.000369004 0.000369004 0.000369004 0.985609 0.0114391 0.000369004 0.000369004 0.000369004 0.000369004 0.000369004 
0.0379731 0.0611722 0.0001221 0.294383 0.116117 0.37619 0.0001221 0.112454 0.0001221 0.0013431 
0.0163636 0.00020202 0.00222222 0.88101 0.0325253 0.0345455 0.0183838 0.00020202 0.0143434 0.00020202 
0.000207469 0.000207469 0.00228216 0.608091 0.083195 0.000207469 0.0126556 0.0105809 0.00228216 0.28029 
0.000228311 0.000228311 0.157763 0.000228311 0.203425 0.326712 0.146347 0.0573059 0.000228311 0.107534 
0.105758 0.0712092 0.702687 0.000191939 0.000191939 0.0788868 0.000191939 0.0059501 0.0347409 0.000191939 
0.000149477 0.0405082 0.000149477 0.000149477 0.21988 0.0988042 0.00463378 0.589088 0.0106129 0.0360239 
0.0302605 0.000200401 0.715631 0.00220441 0.000200401 0.0242485 0.226653 0.000200401 0.000200401 0.000200401 
0.0183073 4.45434e-05 0.43078 4.45434e-05 0.111403 0.0655234 0.338575 0.00761693 0.0267706 0.000935412 
0.0382664 0.000211416 0.251797 0.000211416 0.0509514 0.000211416 0.357505 0.260254 0.0192389 0.0213531 
0.000322581 0.139032 0.206774 0.000322581 0.17129 0.103548 0.268065 0.000322581 0.0841935 0.026129 
0.17943 0.159063 0.271079 0.000203666 0.00224033 0.0450102 0.277189 0.0266802 0.0389002 0.000203666 
0.191556 0.0537778 0.244889 0.000444444 0.000444444 0.187111 0.302667 0.000444444 0.0182222 0.000444444 
0.0612732 0.0771883 0.175332 0.000265252 0.305305 0.167374 0.193899 0.000265252 0.0188329 0.000265252 
0.160521 0.0903808 0.473146 0.000200401 0.000200401 0.0563126 0.214629 0.00420842 0.000200401 0.000200401 
0.249443 0.158914 0.163092 0.000139276 0.0279944 0.0293872 0.306546 0.0642061 0.000139276 0.000139276 
0.0645706 0.0446319 0.392791 0.000153374 0.026227 0.0430982 0.279294 0.000153374 0.148926 0.000153374 
0.1842 0.0002 0.2022 0.0002 0.0222 0.3982 0.1922 0.0002 0.0002 0.0002 
6.26959e-05 6.26959e-05 0.478433 6.26959e-05 0.0621317 0.369969 0.0144828 0.0401881 0.00194357 0.0326646 
0.000234192 0.0868852 0.3726 0.000234192 0.0306792 0.307026 0.180562 0.0213115 0.000234192 0.000234192 
0.00017762 0.0854352 0.405151 0.00373002 0.0339254 0.291474 0.039254 0.065897 0.074778 0.00017762 
0.197076 0.0723197 0.44269 0.000194932 0.000194932 0.000194932 0.278947 0.000194932 0.0079922 0.000194932 
0.394257 0.105149 0.275446 0.00217822 0.00019802 0.00217822 0.22 0.00019802 0.00019802 0.00019802 
0.1 0.1 0.1 0.1 0.1 0.1 0.1 0.1 0.1 0.1 
0.0827255 0.000191939 0.75643 0.000191939 0.00403071 0.000191939 0.128791 0.0270633 0.000191939 0.000191939 
0.00332326 0.00332326 0.51994 0.000302115 0.000302115 0.0667674 0.402115 0.00332326 0.000302115 0.000302115 
0.233408 0.0181614 0.394843 0.000224215 0.000224215 0.00246637 0.296188 0.0450673 0.00919283 0.000224215 
0.308355 0.00287206 0.686945 0.000261097 0.000261097 0.000261097 0.000261097 0.000261097 0.000261097 0.000261097 
0.16179 0.157424 0.34738 0.000218341 0.00240175 0.000218341 0.303712 0.019869 0.00676856 0.000218341 
0.000122249 0.058802 0.000122249 0.000122249 0.149267 0.177384 0.176161 0.00501222 0.432885 0.000122249 
0.000127551 0.000127551 0.515434 0.000127551 0.36875 0.105995 0.00778061 0.000127551 0.000127551 0.00140306 
0.000296736 0.000296736 0.0893175 0.000296736 0.14273 0.424629 0.113056 0.0833828 0.0537092 0.0922849 
0.146799 5.66572e-05 5.66572e-05 5.66572e-05 0.783626 5.66572e-05 5.66572e-05 5.66572e-05 0.0691785 5.66572e-05 
0.153079 0.000212314 0.150955 0.000212314 0.000212314 0.1 0.490658 0.00870488 0.0957537 0.000212314 
0.430309 0.00199637 0.139927 0.000181488 0.000181488 0.0201452 0.17441 0.123593 0.0709619 0.038294 
0.351014 0.0582609 0.116232 0.000289855 0.000289855 0.000289855 0.307536 0.000289855 0.142319 0.0234783 
0.158481 0.190792 0.00339257 0.000161551 0.000161551 0.000161551 0.0663974 0.116478 0.000161551 0.463813 
0.00420082 0.0451844 0.000102459 0.00112705 0.00420082 0.000102459 0.0585041 0.300307 0.000102459 0.586168 
0.000121951 0.0208537 0.000121951 0.000121951 0.0318293 0.000121951 0.0110976 0.0623171 0.000121951 0.873293 
0.444862 0.000197628 0.065415 0.0812253 0.000197628 0.000197628 0.185968 0.000197628 0.0041502 0.217589 
0.000396825 0.0123016 0.0361111 0.865476 0.000396825 0.000396825 0.000396825 0.000396825 0.000396825 0.0837302 
9.13242e-05 0.0831963 0.00100457 9.13242e-05 9.13242e-05 9.13242e-05 0.070411 0.174521 0.0521461 0.618356 
0.00022779 0.00022779 0.00022779 0.938724 0.0298405 0.0047836 0.00022779 0.0230068 0.00250569 0.00022779 
0.000224215 0.0786996 0.000224215 0.751345 0.000224215 0.000224215 0.000224215 0.0921525 0.000224215 0.0764574 
0.0169748 0.0438655 0.000168067 0.937983 0.000168067 0.000168067 0.000168067 0.000168067 0.000168067 0.000168067 
0.0963636 0.0496104 0.00025974 0.776883 0.0651948 0.0106494 0.00025974 0.00025974 0.00025974 0.00025974 
0.0130802 0.000421941 0.021519 0.928692 0.00464135 0.000421941 0.0299578 0.000421941 0.000421941 0.000421941 
0.000157978 0.00173776 0.000157978 0.996998 0.000157978 0.000157978 0.000157978 0.000157978 0.000157978 0.000157978 
0.0657321 0.000311526 0.000311526 0.897508 0.000311526 0.0345794 0.000311526 0.000311526 0.000311526 0.000311526 
0.00045045 0.00045045 0.00045045 0.937387 0.00495495 0.00045045 0.00045045 0.013964 0.040991 0.00045045 
0.153528 0.0537713 0.0148418 0.447932 0.0148418 0.00754258 0.153528 0.00754258 0.0245742 0.121898 
0.000255102 0.000255102 0.00280612 0.839541 0.0308673 0.000255102 0.000255102 0.000255102 0.00280612 0.122704 
0.279008 0.05 0.000381679 0.630153 0.0194656 0.0118321 0.000381679 0.00801527 0.000381679 0.000381679 
0.00027027 0.00027027 0.00027027 0.927297 0.0624324 0.00027027 0.00837838 0.00027027 0.00027027 0.00027027 
0.00527638 0.000251256 0.000251256 0.874623 0.000251256 0.000251256 0.000251256 0.0253769 0.00276382 0.0907035 
0.000171527 0.0430532 0.000171527 0.904117 0.0464837 0.000171527 0.000171527 0.00188679 0.00360206 0.000171527 
0.136192 0.0441423 0.0357741 0.6341 0.0399582 0.0650628 0.000209205 0.000209205 0.0441423 0.000209205 
0.516284 0.000229358 0.280046 0.000229358 0.000229358 0.000229358 0.142431 0.0552752 0.000229358 0.00481651 
0.262963 0.0037037 0.3 0.0037037 0.0037037 0.0037037 0.374074 0.0407407 0.0037037 0.0037037 
0.106085 0.00026455 0.870635 0.00555556 0.00555556 0.00291005 0.00820106 0.00026455 0.00026455 0.00026455 
0.208369 0.0302575 0.635408 0.000214592 0.000214592 0.0109442 0.103219 0.000214592 0.0109442 0.000214592 
0.0863793 0.127759 0.0846552 0.345 0.0915517 0.000172414 0.213966 0.0225862 0.000172414 0.0277586 
0.180784 0.118039 0.0905882 0.435686 0.0239216 0.0121569 0.00823529 0.00431373 0.000392157 0.125882 
0.105502 0.0863636 0.000239234 0.698804 0.00263158 0.105502 0.000239234 0.000239234 0.000239234 0.000239234 
0.0863014 0.0765166 0.062818 0.389628 0.000195695 0.000195695 0.223288 0.0608611 0.00410959 0.0960861 
0.72348 0.000209644 0.000209644 0.000209644 0.0840671 0.0861635 0.0400419 0.000209644 0.000209644 0.0651992 
0.560091 0.235626 0.0143413 6.48929e-05 6.48929e-05 0.000713822 0.188903 6.48929e-05 6.48929e-05 6.48929e-05 
0.485504 0.0401261 0.014916 0.430882 0.00231092 0.014916 0.000210084 0.000210084 0.000210084 0.0107143 
0.555833 0.000277778 0.0252778 0.266944 0.000277778 0.000277778 0.150278 0.000277778 0.000277778 0.000277778 
0.000223714 0.161298 0.000223714 0.000223714 0.825727 0.000223714 0.00693512 0.000223714 0.00246085 0.00246085 
0.191375 0.0748252 0.0538462 0.415152 0.0002331 0.0328671 0.231002 0.0002331 0.0002331 0.0002331 
0.0142857 0.0142857 0.0142857 0.871429 0.0142857 0.0142857 0.0142857 0.0142857 0.0142857 0.0142857 
0.326833 0.0985 0.000166667 0.365167 0.0201667 0.136833 0.0451667 0.000166667 0.00683333 0.000166667 
0.3 0.3 0.0142857 0.0142857 0.0142857 0.3 0.0142857 0.0142857 0.0142857 0.0142857 
0.000123305 0.17275 0.000123305 0.0260173 0.266461 0.389766 0.000123305 0.000123305 0.0161529 0.12836 
0.188509 0.210513 0.0295844 0.000244499 0.000244499 0.0246944 0.291198 0.0638142 0.0687042 0.122494 
0.000172117 0.265232 0.0225473 0.0208262 0.266954 0.112048 0.136145 0.000172117 0.0173838 0.15852 
7.17875e-05 0.0926777 7.17875e-05 7.17875e-05 0.616009 0.0661163 7.17875e-05 0.224049 7.17875e-05 0.000789663 
0.326594 2.60213e-05 2.60213e-05 2.60213e-05 2.60213e-05 0.650559 0.0221442 2.60213e-05 2.60213e-05 0.000546448 
0.000158479 0.0144216 0.0698891 0.000158479 0.0429477 0.388431 0.252139 0.000158479 0.231537 0.000158479 
0.000107875 0.109061 0.000107875 0.00334412 0.0108954 0.000107875 0.00550162 0.219094 0.000107875 0.651672 
0.000103842 0.0956386 0.000103842 0.000103842 0.0592939 0.00114226 0.0676012 0.721807 0.00321911 0.0509865 
0.201377 6.55738e-05 0.000721311 6.55738e-05 0.0558033 6.55738e-05 0.0092459 6.55738e-05 0.00662295 0.725967 
0.0340659 0.0010989 0.0010989 0.187912 0.231868 0.242857 0.0010989 0.165934 0.0010989 0.132967 
0.041928 0.125552 0.00127758 0.000116144 0.0918699 0.211498 0.0616725 0.00360046 0.440302 0.0221835 
0.0355408 0.0664459 0.737528 0.000220751 0.000220751 0.000220751 0.101766 0.0222958 0.0355408 0.000220751 
0.000208333 0.289792 0.152292 0.000208333 0.150208 0.368958 0.000208333 0.000208333 0.000208333 0.0377083 
0.336547 0.0204036 0.177354 0.000224215 0.233408 0.000224215 0.226682 0.000224215 0.000224215 0.00470852 
0.383424 0.0274457 0.0953804 0.000271739 0.0654891 0.000271739 0.337228 0.0600543 0.000271739 0.030163 
0.130308 0.0481164 0.258733 0.000171233 0.0515411 0.097774 0.229623 0.174829 0.00873288 0.000171233 
0.468522 0.0769674 0.117274 0.000191939 0.0884837 0.0884837 0.0366603 0.025144 0.0980806 0.000191939 
0.503548 0.000221729 0.286253 0.000221729 0.0290466 0.000221729 0.179823 0.000221729 0.000221729 0.000221729 
0.000235294 0.242588 0.183765 0.000235294 0.188471 0.0402353 0.212 0.00494118 0.0661176 0.0614118 
0.241176 0.000280112 0.358824 0.000280112 0.000280112 0.00308123 0.395238 0.000280112 0.000280112 0.000280112 
0.0253125 0.0878125 0.0003125 0.0034375 0.694063 0.0003125 0.187812 0.0003125 0.0003125 0.0003125 
0.0339326 0.000224719 0.633933 0.000224719 0.0811236 0.00247191 0.204719 0.0429213 0.000224719 0.000224719 
0.0636364 0.639394 0.0333333 0.0030303 0.0030303 0.0030303 0.124242 0.0636364 0.0333333 0.0333333 
0.0902 0.7642 0.0002 0.0002 0.0002 0.0002 0.1322 0.0122 0.0002 0.0002 
0.0708395 0.682032 0.0163476 0.00309278 0.163623 0.0472754 0.000147275 0.000147275 0.000147275 0.0163476 
0.488931 0.000381679 0.206489 0.000381679 0.172137 0.0232824 0.0996183 0.000381679 0.00801527 0.000381679 
0.361896 0.193617 0.317408 0.000193424 0.0253385 0.000193424 0.0736944 0.000193424 0.0272727 0.000193424 
0.12922 0.605816 0.00297872 0.000141844 0.078156 0.139149 0.000141844 0.000141844 0.042695 0.00156028 
0.126456 0.0390777 0.512379 0.000242718 0.153155 0.0924757 0.0220874 0.000242718 0.0536408 0.000242718 
0.00290859 0.289612 0.000138504 0.0112188 0.351939 0.000138504 0.0943213 0.249446 0.000138504 0.000138504 
0.00139064 0.125284 0.000126422 0.00771176 0.105057 0.0936789 0.0608091 0.0304678 0.518458 0.0570164 
0.001069 0.0409135 9.71817e-05 9.71817e-05 0.091448 0.0205053 0.0622935 0.0477162 0.735763 9.71817e-05 
0.237645 0.276255 0.00019305 0.00019305 0.00212355 0.00019305 0.116023 0.187452 0.175869 0.00405405 
9.97009e-05 0.0678963 9.97009e-05 9.97009e-05 0.131705 0.031007 0.0519442 0.672084 9.97009e-05 0.0449651 
0.000120773 0.532729 0.000120773 0.000120773 0.233213 0.0762077 0.111232 0.0448068 0.0013285 0.000120773 
0.000364964 0.0770073 0.000364964 0.000364964 0.212044 0.000364964 0.617153 0.0222628 0.069708 0.000364964 
0.0109231 0.000153846 0.000153846 0.000153846 0.434 0.0124615 0.254 0.0386154 0.249385 0.000153846 
6.07165e-05 0.199211 6.07165e-05 6.07165e-05 0.01949 0.0820279 0.129994 0.0795993 0.466363 0.023133 
0.0535112 0.220646 0.0226124 0.000140449 0.0816011 0.0492978 0.338624 0.0113764 0.1125 0.109691 
0.13382 0.0169102 0.0544885 0.000208768 0.336326 0.194363 0.202714 0.000208768 0.0398747 0.0210856 
0.00017301 0.12474 0.00017301 0.00017301 0.207785 0.00017301 0.27699 0.195675 0.102249 0.0918685 
0.000108814 0.00119695 0.00881393 0.000108814 0.0577802 0.12198 0.0915125 0.594233 0.123069 0.00119695 
0.0983444 0.206512 0.315784 0.000110375 0.00231788 0.000110375 0.108278 0.227483 0.0409492 0.000110375 
0.0299893 0.289328 0.000106724 0.000106724 0.000106724 0.000106724 0.126041 0.0321238 0.313874 0.208218 
0.000142653 0.199857 0.000142653 0.000142653 0.382454 0.124251 0.185592 0.107133 0.000142653 0.000142653 
0.000135318 0.0772666 0.165223 0.0014885 0.000135318 0.00554804 0.292422 0.347903 0.107037 0.00284168 
0.00769231 0.00769231 0.00769231 0.00769231 0.0846154 0.0846154 0.00769231 0.776923 0.00769231 0.00769231 
0.256982 0.698395 0.000160514 0.000160514 0.0322632 0.000160514 0.000160514 0.000160514 0.000160514 0.0113965 
7.55287e-05 0.812009 0.0015861 7.55287e-05 0.0159366 7.55287e-05 0.00989426 0.129985 0.030287 7.55287e-05 
